time,Tin,RHin,Tout,RHout,Voltage,Current
2274,26.60,69.80,26.80,65.80,0.07,-0.11
2498,26.60,69.80,26.80,65.80,0.27,-0.04
2722,26.60,69.80,26.80,65.80,0.22,0.11
2946,26.60,69.80,26.80,65.80,0.24,-0.04
3170,26.60,69.80,26.80,65.80,0.22,-0.04
3397,26.60,69.80,26.80,65.80,0.24,-0.11
3621,26.60,69.80,26.80,65.80,0.22,-0.04
3846,26.60,69.80,26.80,65.80,0.22,0.04
4070,26.60,69.80,26.80,65.80,0.24,-0.04
4300,26.70,69.90,26.80,67.30,0.07,-0.11
4525,26.70,69.90,26.80,67.30,0.24,-0.04
4749,26.70,69.90,26.80,67.30,0.24,0.04
4972,26.70,69.90,26.80,67.30,0.22,-0.11
5196,26.70,69.90,26.80,67.30,0.24,-0.04
5421,26.70,69.90,26.80,67.30,0.27,-0.11
5645,26.70,69.90,26.80,67.30,0.24,-0.04
5869,26.70,69.90,26.80,67.30,0.22,-0.11
6122,26.70,69.90,26.80,67.30,0.22,-0.04
6355,26.60,69.80,26.80,67.20,0.10,-0.04
6579,26.60,69.80,26.80,67.20,0.24,-0.11
6803,26.60,69.80,26.80,67.20,0.22,0.04
7027,26.60,69.80,26.80,67.20,0.22,-0.04
7251,26.60,69.80,26.80,67.20,0.22,-0.04
7476,26.60,69.80,26.80,67.20,0.22,-0.11
7700,26.60,69.80,26.80,67.20,0.22,-0.04
7924,26.60,69.80,26.80,67.20,0.22,-0.04
8148,26.60,69.80,26.80,67.20,0.22,-0.11
8379,26.60,69.80,26.90,67.30,0.07,-0.04
8603,26.60,69.80,26.90,67.30,0.24,0.04
8827,26.60,69.80,26.90,67.30,0.22,0.04
9054,26.60,69.80,26.90,67.30,0.22,-0.04
9278,26.60,69.80,26.90,67.30,0.22,-0.11
9502,26.60,69.80,26.90,67.30,0.22,-0.04
9726,26.60,69.80,26.90,67.30,0.22,-0.04
9951,26.60,69.80,26.90,67.30,0.22,0.04
10175,26.60,69.80,26.90,67.30,0.22,0.04
10405,26.70,69.90,26.80,67.20,0.10,-0.19
10630,26.70,69.90,26.80,67.20,0.24,-0.04
10854,26.70,69.90,26.80,67.20,0.22,-0.04
11078,26.70,69.90,26.80,67.20,0.22,-0.11
11302,26.70,69.90,26.80,67.20,0.22,-0.11
11555,26.70,69.90,26.80,67.20,0.22,-0.11
11780,26.70,69.90,26.80,67.20,0.22,-0.04
12001,26.70,69.90,26.80,67.20,0.22,-0.11
12225,26.70,69.90,26.80,67.20,0.22,0.04
12456,26.70,69.90,26.90,67.30,0.07,-0.04
12681,26.70,69.90,26.90,67.30,0.24,-0.04
12905,26.70,69.90,26.90,67.30,0.24,-0.04
13129,26.70,69.90,26.90,67.30,0.22,0.04
13353,26.70,69.90,26.90,67.30,0.22,0.04
13577,26.70,69.90,26.90,67.30,0.22,-0.04
13801,26.70,69.90,26.90,67.30,0.17,-0.04
14025,26.70,69.90,26.90,67.30,0.15,0.11
14249,26.70,69.90,26.90,67.30,0.24,0.04
14481,26.60,69.80,26.90,67.30,0.00,-0.11
14707,26.60,69.80,26.90,67.30,0.00,0.04
14931,26.60,69.80,26.90,67.30,0.32,-0.11
15156,26.60,69.80,26.90,67.30,0.27,-0.04
15380,26.60,69.80,26.90,67.30,0.29,-0.04
15604,26.60,69.80,26.90,67.30,0.15,-0.04
15828,26.60,69.80,26.90,67.30,0.20,-0.04
16053,26.60,69.80,26.90,67.30,0.12,0.04
16277,26.60,69.80,26.90,67.30,0.15,-0.04
16508,26.70,69.80,26.80,67.20,0.32,-0.11
16733,26.70,69.80,26.80,67.20,0.41,-0.11
16957,26.70,69.80,26.80,67.20,0.27,-0.11
17210,26.70,69.80,26.80,67.20,0.05,0.04
17437,26.70,69.80,26.80,67.20,0.37,-0.04
17661,26.70,69.80,26.80,67.20,0.17,-0.04
17886,26.70,69.80,26.80,67.20,0.32,-0.04
18110,26.70,69.80,26.80,67.20,0.12,-0.04
18334,26.70,69.80,26.80,67.20,0.34,0.04
18566,26.70,69.80,26.80,67.20,0.20,-0.11
18790,26.70,69.80,26.80,67.20,0.24,-0.11
19014,26.70,69.80,26.80,67.20,0.37,-0.04
19238,26.70,69.80,26.80,67.20,0.17,-0.04
19463,26.70,69.80,26.80,67.20,0.41,-0.04
19687,26.70,69.80,26.80,67.20,0.24,-0.04
19911,26.70,69.80,26.80,67.20,0.17,-0.04
20139,26.70,69.80,26.80,67.20,0.22,-0.11
20363,26.70,69.80,26.80,67.20,0.20,-0.04
20594,26.70,69.80,26.80,67.20,0.17,-0.11
20818,26.70,69.80,26.80,67.20,0.12,0.04
21043,26.70,69.80,26.80,67.20,0.22,-0.04
21267,26.70,69.80,26.80,67.20,0.20,-0.04
21491,26.70,69.80,26.80,67.20,0.10,-0.04
21715,26.70,69.80,26.80,67.20,0.10,0.04
21940,26.70,69.80,26.80,67.20,0.15,-0.11
22164,26.70,69.80,26.80,67.20,0.29,0.04
22388,26.70,69.80,26.80,67.20,0.15,-0.11
22619,26.70,69.80,26.80,67.20,0.15,-0.11
22872,26.70,69.80,26.80,67.20,0.20,-0.04
23099,26.70,69.80,26.80,67.20,0.22,-0.04
23323,26.70,69.80,26.80,67.20,0.24,-0.04
23547,26.70,69.80,26.80,67.20,0.24,-0.11
23772,26.70,69.80,26.80,67.20,0.10,-0.04
23996,26.70,69.80,26.80,67.20,0.29,-0.04
24220,26.70,69.80,26.80,67.20,0.12,-0.04
24444,26.70,69.80,26.80,67.20,0.24,-0.04
24676,26.70,69.90,26.80,67.20,0.05,-0.19
24900,26.70,69.90,26.80,67.20,0.24,-0.04
25124,26.70,69.90,26.80,67.20,0.22,0.04
25349,26.70,69.90,26.80,67.20,0.22,-0.04
25573,26.70,69.90,26.80,67.20,0.22,-0.04
25800,26.70,69.90,26.80,67.20,0.22,-0.04
26024,26.70,69.90,26.80,67.20,0.22,-0.04
26249,26.70,69.90,26.80,67.20,0.22,-0.04
26473,26.70,69.90,26.80,67.20,0.22,-0.04
26703,26.70,69.80,26.90,67.30,0.07,-0.04
26928,26.70,69.80,26.90,67.30,0.24,-0.04
27152,26.70,69.80,26.90,67.30,0.22,-0.04
27376,26.70,69.80,26.90,67.30,0.22,-0.11
27600,26.70,69.80,26.90,67.30,0.22,-0.04
27825,26.70,69.80,26.90,67.30,0.22,-0.04
28049,26.70,69.80,26.90,67.30,0.22,0.04
28301,26.70,69.80,26.90,67.30,0.22,-0.11
28528,26.70,69.80,26.90,67.30,0.22,-0.04
28760,26.70,69.80,26.80,67.20,0.10,-0.04
28984,26.70,69.80,26.80,67.20,0.22,0.04
29208,26.70,69.80,26.80,67.20,0.22,-0.04
29432,26.70,69.80,26.80,67.20,0.22,0.04
29657,26.70,69.80,26.80,67.20,0.22,-0.04
29881,26.70,69.80,26.80,67.20,0.22,0.04
30105,26.70,69.80,26.80,67.20,0.22,-0.04
30328,26.70,69.80,26.80,67.20,0.22,-0.04
30553,26.70,69.80,26.80,67.20,0.22,0.04
30784,26.70,69.80,26.80,67.20,0.10,-0.11
31008,26.70,69.80,26.80,67.20,0.24,-0.04
31235,26.70,69.80,26.80,67.20,0.22,-0.04
31459,26.70,69.80,26.80,67.20,0.22,-0.04
31683,26.70,69.80,26.80,67.20,0.22,-0.04
31907,26.70,69.80,26.80,67.20,0.22,-0.04
32132,26.70,69.80,26.80,67.20,0.22,0.04
32356,26.70,69.80,26.80,67.20,0.22,-0.04
32580,26.70,69.80,26.80,67.20,0.22,-0.04
32812,26.60,69.70,26.80,67.20,0.07,-0.04
33036,26.60,69.70,26.80,67.20,0.22,-0.04
33260,26.60,69.70,26.80,67.20,0.22,0.04
33484,26.60,69.70,26.80,67.20,0.22,-0.04
33709,26.60,69.70,26.80,67.20,0.22,-0.04
33961,26.60,69.70,26.80,67.20,0.22,-0.04
34184,26.60,69.70,26.80,67.20,0.22,-0.19
34408,26.60,69.70,26.80,67.20,0.22,-0.04
34632,26.60,69.70,26.80,67.20,0.22,-0.04
34864,26.70,69.80,26.80,67.20,0.07,-0.11
35088,26.70,69.80,26.80,67.20,0.22,-0.11
35312,26.70,69.80,26.80,67.20,0.22,-0.04
35536,26.70,69.80,26.80,67.20,0.22,-0.04
35761,26.70,69.80,26.80,67.20,0.22,-0.04
35985,26.70,69.80,26.80,67.20,0.22,-0.11
36209,26.70,69.80,26.80,67.20,0.22,0.04
36433,26.70,69.80,26.80,67.20,0.22,-0.04
36658,26.70,69.80,26.80,67.20,0.22,0.04
36891,26.70,69.80,26.80,67.20,0.10,0.04
37115,26.70,69.80,26.80,67.20,0.24,-0.04
37340,26.70,69.80,26.80,67.20,0.22,-0.04
37564,26.70,69.80,26.80,67.20,0.22,-0.04
37788,26.70,69.80,26.80,67.20,0.22,0.04
38012,26.70,69.80,26.80,67.20,0.22,-0.04
38237,26.70,69.80,26.80,67.20,0.22,-0.11
38461,26.70,69.80,26.80,67.20,0.22,-0.04
38685,26.70,69.80,26.80,67.20,0.22,-0.11
38916,26.70,69.80,26.80,67.20,0.07,-0.04
39140,26.70,69.80,26.80,67.20,0.24,-0.04
39364,26.70,69.80,26.80,67.20,0.22,-0.11
39620,26.70,69.80,26.80,67.20,0.22,-0.04
39844,26.70,69.80,26.80,67.20,0.22,0.04
40069,26.70,69.80,26.80,67.20,0.22,0.04
40292,26.70,69.80,26.80,67.20,0.22,-0.04
40516,26.70,69.80,26.80,67.20,0.22,-0.04
40740,26.70,69.80,26.80,67.20,0.22,-0.04
40972,26.70,69.70,26.80,67.20,0.10,-0.11
41196,26.70,69.70,26.80,67.20,0.22,-0.04
41420,26.70,69.70,26.80,67.20,0.22,-0.04
41645,26.70,69.70,26.80,67.20,0.22,0.04
41869,26.70,69.70,26.80,67.20,0.22,0.04
42093,26.70,69.70,26.80,67.20,0.22,-0.04
42319,26.70,69.70,26.80,67.20,0.22,0.04
42544,26.70,69.70,26.80,67.20,0.20,-0.11
42768,26.70,69.70,26.80,67.20,0.22,-0.04
42999,26.60,69.70,26.80,67.20,0.10,-0.04
43224,26.60,69.70,26.80,67.20,0.22,-0.04
43448,26.60,69.70,26.80,67.20,0.22,-0.04
43672,26.60,69.70,26.80,67.20,0.22,0.04
43895,26.60,69.70,26.80,67.20,0.22,-0.11
44120,26.60,69.70,26.80,67.20,0.22,-0.04
44344,26.60,69.70,26.80,67.20,0.22,-0.04
44568,26.60,69.70,26.80,67.20,0.22,0.04
44792,26.60,69.70,26.80,67.20,0.22,-0.04
45051,26.70,69.70,26.80,67.20,0.10,-0.04
45279,26.70,69.70,26.80,67.20,0.22,-0.04
45503,26.70,69.70,26.80,67.20,0.22,-0.04
45727,26.70,69.70,26.80,67.20,0.22,-0.04
45952,26.70,69.70,26.80,67.20,0.22,-0.04
46175,26.70,69.70,26.80,67.20,0.22,-0.04
46399,26.70,69.70,26.80,67.20,0.22,0.04
46623,26.70,69.70,26.80,67.20,0.22,-0.11
46848,26.70,69.70,26.80,67.20,0.22,0.04
47079,26.70,69.70,26.80,67.10,0.10,-0.11
47303,26.70,69.70,26.80,67.10,0.22,0.04
47527,26.70,69.70,26.80,67.10,0.22,-0.11
47751,26.70,69.70,26.80,67.10,0.22,-0.04
47978,26.70,69.70,26.80,67.10,0.22,-0.04
48202,26.70,69.70,26.80,67.10,0.22,-0.04
48427,26.70,69.70,26.80,67.10,0.22,-0.04
48651,26.70,69.70,26.80,67.10,0.22,-0.11
48875,26.70,69.70,26.80,67.10,0.22,-0.04
49105,26.70,69.70,26.80,67.10,0.10,-0.04
49330,26.70,69.70,26.80,67.10,0.22,0.04
49554,26.70,69.70,26.80,67.10,0.22,0.04
49778,26.70,69.70,26.80,67.10,0.22,0.04
50002,26.70,69.70,26.80,67.10,0.22,-0.04
50227,26.70,69.70,26.80,67.10,0.22,-0.11
50451,26.70,69.70,26.80,67.10,0.22,-0.04
50707,26.70,69.70,26.80,67.10,0.22,-0.11
50930,26.70,69.70,26.80,67.10,0.22,-0.04
51162,26.70,69.70,26.80,67.10,0.10,-0.04
51386,26.70,69.70,26.80,67.10,0.22,0.04
51610,26.70,69.70,26.80,67.10,0.22,-0.04
51834,26.70,69.70,26.80,67.10,0.22,-0.04
52059,26.70,69.70,26.80,67.10,0.22,0.11
52283,26.70,69.70,26.80,67.10,0.22,-0.04
52506,26.70,69.70,26.80,67.10,0.22,-0.11
52730,26.70,69.70,26.80,67.10,0.22,0.04
52955,26.70,69.70,26.80,67.10,0.22,-0.04
53186,26.70,69.70,26.80,67.10,0.07,-0.11
53412,26.70,69.70,26.80,67.10,0.22,-0.04
53637,26.70,69.70,26.80,67.10,0.22,-0.04
53861,26.70,69.70,26.80,67.10,0.22,-0.04
54085,26.70,69.70,26.80,67.10,0.22,-0.04
54309,26.70,69.70,26.80,67.10,0.22,-0.04
54534,26.70,69.70,26.80,67.10,0.22,-0.04
54758,26.70,69.70,26.80,67.10,0.22,-0.04
54982,26.70,69.70,26.80,67.10,0.22,0.04
55213,26.70,69.70,26.80,67.10,0.10,-0.04
55437,26.70,69.70,26.80,67.10,0.24,-0.04
55661,26.70,69.70,26.80,67.10,0.22,-0.04
55885,26.70,69.70,26.80,67.10,0.20,-0.11
56151,26.70,69.70,26.80,67.10,0.20,-0.04
56378,26.70,69.70,26.80,67.10,0.22,-0.04
56602,26.70,69.70,26.80,67.10,0.22,-0.11
56826,26.70,69.70,26.80,67.10,0.22,0.04
57050,26.70,69.70,26.80,67.10,0.22,-0.04
57281,26.70,69.70,26.80,67.10,0.10,-0.19
57505,26.70,69.70,26.80,67.10,0.22,-0.04
57730,26.70,69.70,26.80,67.10,0.22,-0.04
57954,26.70,69.70,26.80,67.10,0.22,-0.04
58178,26.70,69.70,26.80,67.10,0.22,0.04
58402,26.70,69.70,26.80,67.10,0.22,0.04
58627,26.70,69.70,26.80,67.10,0.22,-0.04
58851,26.70,69.70,26.80,67.10,0.22,0.04
59077,26.70,69.70,26.80,67.10,0.22,-0.04
59309,26.70,69.70,26.80,67.10,0.10,-0.04
59533,26.70,69.70,26.80,67.10,0.22,-0.04
59757,26.70,69.70,26.80,67.10,0.22,0.04
59981,26.70,69.70,26.80,67.10,0.22,-0.04
60206,26.70,69.70,26.80,67.10,0.22,-0.11
60429,26.70,69.70,26.80,67.10,0.22,-0.04
60653,26.70,69.70,26.80,67.10,0.22,-0.04
60877,26.70,69.70,26.80,67.10,0.22,-0.11
61102,26.70,69.70,26.80,67.10,0.22,-0.04
61333,26.70,69.70,26.80,67.10,0.07,-0.11
61557,26.70,69.70,26.80,67.10,0.24,-0.04
61812,26.70,69.70,26.80,67.10,0.22,-0.04
62036,26.70,69.70,26.80,67.10,0.22,-0.04
62261,26.70,69.70,26.80,67.10,0.22,0.04
62485,26.70,69.70,26.80,67.10,0.22,-0.04
62708,26.70,69.70,26.80,67.10,0.22,-0.04
62932,26.70,69.70,26.80,67.10,0.22,-0.04
63157,26.70,69.70,26.80,67.10,0.22,-0.04
63388,26.60,69.60,26.80,67.10,0.10,-0.11
63612,26.60,69.60,26.80,67.10,0.24,0.04
63836,26.60,69.60,26.80,67.10,0.22,-0.04
64060,26.60,69.60,26.80,67.10,0.22,0.04
64284,26.60,69.60,26.80,67.10,0.22,0.04
64512,26.60,69.60,26.80,67.10,0.22,-0.11
64736,26.60,69.60,26.80,67.10,0.22,-0.11
64959,26.60,69.60,26.80,67.10,0.22,0.04
65183,26.60,69.60,26.80,67.10,0.22,-0.04
65415,26.60,69.60,26.80,67.10,0.07,-0.19
65639,26.60,69.60,26.80,67.10,0.24,-0.04
65863,26.60,69.60,26.80,67.10,0.22,0.04
66086,26.60,69.60,26.80,67.10,0.22,-0.04
66311,26.60,69.60,26.80,67.10,0.22,0.04
66535,26.60,69.60,26.80,67.10,0.22,-0.11
66759,26.60,69.60,26.80,67.10,0.22,0.04
66983,26.60,69.60,26.80,67.10,0.22,-0.11
67236,26.60,69.60,26.80,67.10,0.22,-0.04
67470,26.70,69.60,26.80,67.10,0.10,-0.04
67694,26.70,69.60,26.80,67.10,0.22,-0.04
67918,26.70,69.60,26.80,67.10,0.22,0.04
68143,26.70,69.60,26.80,67.10,0.22,-0.04
68367,26.70,69.60,26.80,67.10,0.22,-0.11
68591,26.70,69.60,26.80,67.10,0.22,-0.04
68815,26.70,69.60,26.80,67.10,0.22,-0.04
69040,26.70,69.60,26.80,67.10,0.22,-0.04
69264,26.70,69.60,26.80,67.10,0.22,0.04
69494,26.60,69.60,26.80,67.10,0.07,-0.19
69719,26.60,69.60,26.80,67.10,0.22,0.04
69943,26.60,69.60,26.80,67.10,0.22,-0.04
70169,26.60,69.60,26.80,67.10,0.22,-0.04
70393,26.60,69.60,26.80,67.10,0.22,0.04
70618,26.60,69.60,26.80,67.10,0.22,-0.11
70842,26.60,69.60,26.80,67.10,0.22,-0.04
71066,26.60,69.60,26.80,67.10,0.22,-0.11
71290,26.60,69.60,26.80,67.10,0.22,-0.11
71522,26.60,69.60,26.80,67.10,0.07,-0.19
71746,26.60,69.60,26.80,67.10,0.24,-0.04
71969,26.60,69.60,26.80,67.10,0.22,-0.04
72194,26.60,69.60,26.80,67.10,0.22,-0.04
72418,26.60,69.60,26.80,67.10,0.22,-0.04
72642,26.60,69.60,26.80,67.10,0.22,-0.04
72897,26.60,69.60,26.80,67.10,0.22,-0.04
73121,26.60,69.60,26.80,67.10,0.22,-0.11
73346,26.60,69.60,26.80,67.10,0.22,-0.04
73577,26.60,69.60,26.80,67.10,0.10,-0.11
73801,26.60,69.60,26.80,67.10,0.22,0.04
74025,26.60,69.60,26.80,67.10,0.22,-0.04
74250,26.60,69.60,26.80,67.10,0.22,0.11
74474,26.60,69.60,26.80,67.10,0.22,0.04
74698,26.60,69.60,26.80,67.10,0.22,-0.04
74923,26.60,69.60,26.80,67.10,0.22,-0.04
75147,26.60,69.60,26.80,67.10,0.22,-0.04
75370,26.60,69.60,26.80,67.10,0.22,-0.11
75606,26.70,69.60,26.80,67.10,0.07,-0.04
75829,26.70,69.60,26.80,67.10,0.22,-0.04
76053,26.70,69.60,26.80,67.10,0.22,0.04
76277,26.70,69.60,26.80,67.10,0.22,0.04
76502,26.70,69.60,26.80,67.10,0.22,0.04
76726,26.70,69.60,26.80,67.10,0.22,-0.04
76950,26.70,69.60,26.80,67.10,0.22,-0.04
77174,26.70,69.60,26.80,67.10,0.22,-0.11
77399,26.70,69.60,26.80,67.10,0.22,-0.04
77629,26.70,69.60,26.80,67.10,0.10,-0.11
77853,26.70,69.60,26.80,67.10,0.22,-0.04
78077,26.70,69.60,26.80,67.10,0.22,-0.04
78330,26.70,69.60,26.80,67.10,0.22,-0.04
78557,26.70,69.60,26.80,67.10,0.22,-0.04
78781,26.70,69.60,26.80,67.10,0.22,0.04
79005,26.70,69.60,26.80,67.10,0.22,0.04
79229,26.70,69.60,26.80,67.10,0.22,-0.11
79454,26.70,69.60,26.80,67.10,0.22,-0.04
79684,26.60,69.50,26.80,67.10,0.10,-0.11
79908,26.60,69.50,26.80,67.10,0.22,-0.04
80133,26.60,69.50,26.80,67.10,0.22,-0.11
80357,26.60,69.50,26.80,67.10,0.22,0.11
80581,26.60,69.50,26.80,67.10,0.22,-0.04
80805,26.60,69.50,26.80,67.10,0.22,0.04
81029,26.60,69.50,26.80,67.10,0.22,-0.04
81256,26.60,69.50,26.80,67.10,0.22,-0.11
81480,26.60,69.50,26.80,67.10,0.22,0.04
81711,26.60,69.50,26.80,67.10,0.10,-0.19
81935,26.60,69.50,26.80,67.10,0.22,0.04
82159,26.60,69.50,26.80,67.10,0.22,-0.11
82383,26.60,69.50,26.80,67.10,0.22,-0.11
82608,26.60,69.50,26.80,67.10,0.22,0.04
82832,26.60,69.50,26.80,67.10,0.22,-0.11
83055,26.60,69.50,26.80,67.10,0.22,-0.11
83279,26.60,69.50,26.80,67.10,0.22,-0.04
83504,26.60,69.50,26.80,67.10,0.22,-0.04
83735,26.60,69.50,26.80,67.10,0.07,-0.11
83990,26.60,69.50,26.80,67.10,0.22,-0.04
84214,26.60,69.50,26.80,67.10,0.22,0.04
84439,26.60,69.50,26.80,67.10,0.22,-0.04
84662,26.60,69.50,26.80,67.10,0.22,0.04
84886,26.60,69.50,26.80,67.10,0.22,0.04
85110,26.60,69.50,26.80,67.10,0.22,-0.11
85335,26.60,69.50,26.80,67.10,0.22,-0.04
85559,26.60,69.50,26.80,67.10,0.22,0.04
85789,26.70,69.60,26.80,67.10,0.07,-0.11
86013,26.70,69.60,26.80,67.10,0.24,0.11
86238,26.70,69.60,26.80,67.10,0.22,-0.04
86462,26.70,69.60,26.80,67.10,0.22,-0.11
86688,26.70,69.60,26.80,67.10,0.22,-0.04
86913,26.70,69.60,26.80,67.10,0.22,-0.04
87137,26.70,69.60,26.80,67.10,0.22,-0.11
87361,26.70,69.60,26.80,67.10,0.22,-0.04
87585,26.70,69.60,26.80,67.10,0.22,0.04
87816,26.70,69.50,26.80,67.10,0.10,-0.11
88040,26.70,69.50,26.80,67.10,0.24,-0.11
88264,26.70,69.50,26.80,67.10,0.22,-0.04
88488,26.70,69.50,26.80,67.10,0.22,0.04
88713,26.70,69.50,26.80,67.10,0.22,-0.04
88937,26.70,69.50,26.80,67.10,0.22,-0.04
89161,26.70,69.50,26.80,67.10,0.22,-0.04
89413,26.70,69.50,26.80,67.10,0.20,-0.04
89640,26.70,69.50,26.80,67.10,0.22,-0.04
89871,26.60,69.50,26.80,67.10,0.10,-0.04
90095,26.60,69.50,26.80,67.10,0.22,-0.04
90319,26.60,69.50,26.80,67.10,0.22,0.04
90544,26.60,69.50,26.80,67.10,0.22,0.04
90768,26.60,69.50,26.80,67.10,0.22,-0.04
90992,26.60,69.50,26.80,67.10,0.22,-0.04
91216,26.60,69.50,26.80,67.10,0.22,-0.11
91441,26.60,69.50,26.80,67.10,0.22,-0.04
91665,26.60,69.50,26.80,67.10,0.22,0.04
91895,26.60,69.50,26.80,67.10,0.10,-0.11
92120,26.60,69.50,26.80,67.10,0.24,0.04
92347,26.60,69.50,26.80,67.10,0.22,0.04
92571,26.60,69.50,26.80,67.10,0.22,-0.04
92795,26.60,69.50,26.80,67.10,0.22,-0.04
93020,26.60,69.50,26.80,67.10,0.24,-0.04
93244,26.60,69.50,26.80,67.10,0.22,-0.04
93468,26.60,69.50,26.80,67.10,0.22,-0.04
93692,26.60,69.50,26.80,67.10,0.22,0.04
93923,26.70,69.60,26.80,67.10,0.10,-0.11
94147,26.70,69.60,26.80,67.10,0.24,-0.04
94371,26.70,69.60,26.80,67.10,0.22,-0.04
94596,26.70,69.60,26.80,67.10,0.22,0.04
94820,26.70,69.60,26.80,67.10,0.22,-0.04
95075,26.70,69.60,26.80,67.10,0.22,0.04
95299,26.70,69.60,26.80,67.10,0.22,-0.04
95523,26.70,69.60,26.80,67.10,0.22,0.04
95748,26.70,69.60,26.80,67.10,0.22,0.04
95979,26.60,69.50,26.80,67.10,0.10,-0.04
96203,26.60,69.50,26.80,67.10,0.24,-0.04
96428,26.60,69.50,26.80,67.10,0.22,-0.04
96652,26.60,69.50,26.80,67.10,0.22,-0.04
96876,26.60,69.50,26.80,67.10,0.22,0.04
97100,26.60,69.50,26.80,67.10,0.22,0.04
97324,26.60,69.50,26.80,67.10,0.22,0.11
97548,26.60,69.50,26.80,67.10,0.22,-0.04
97772,26.60,69.50,26.80,67.10,0.22,0.04
98007,26.60,69.50,26.80,67.00,0.10,-0.11
98231,26.60,69.50,26.80,67.00,0.24,0.04
98455,26.60,69.50,26.80,67.00,0.22,-0.04
98679,26.60,69.50,26.80,67.00,0.22,-0.11
98904,26.60,69.50,26.80,67.00,0.22,-0.11
99128,26.60,69.50,26.80,67.00,0.22,-0.04
99352,26.60,69.50,26.80,67.00,0.22,-0.11
99576,26.60,69.50,26.80,67.00,0.22,0.04
99801,26.60,69.50,26.80,67.00,0.22,-0.11
100032,26.60,69.50,26.80,67.00,0.07,-0.11
100256,26.60,69.50,26.80,67.00,0.24,-0.04
100509,26.60,69.50,26.80,67.00,0.22,-0.04
100737,26.60,69.50,26.80,67.00,0.22,-0.04
100961,26.60,69.50,26.80,67.00,0.22,0.04
101185,26.60,69.50,26.80,67.00,0.20,-0.04
101409,26.60,69.50,26.80,67.00,0.22,-0.04
101634,26.60,69.50,26.80,67.00,0.22,-0.04
101858,26.60,69.50,26.80,67.00,0.22,0.04
102089,26.60,69.40,26.80,67.00,0.10,-0.04
102313,26.60,69.40,26.80,67.00,0.24,-0.04
102538,26.60,69.40,26.80,67.00,0.22,-0.11
102762,26.60,69.40,26.80,67.00,0.22,0.04
102986,26.60,69.40,26.80,67.00,0.22,-0.04
103211,26.60,69.40,26.80,67.00,0.22,-0.04
103438,26.60,69.40,26.80,67.00,0.22,-0.04
103662,26.60,69.40,26.80,67.00,0.22,-0.04
103886,26.60,69.40,26.80,67.00,0.22,-0.04
104117,26.70,69.50,26.80,67.00,0.10,-0.11
104341,26.70,69.50,26.80,67.00,0.22,-0.04
104565,26.70,69.50,26.80,67.00,0.22,-0.04
104790,26.70,69.50,26.80,67.00,0.22,-0.04
105014,26.70,69.50,26.80,67.00,0.20,-0.11
105238,26.70,69.50,26.80,67.00,0.22,0.04
105462,26.70,69.50,26.80,67.00,0.22,-0.11
105688,26.70,69.50,26.80,67.00,0.22,-0.11
105939,26.70,69.50,26.80,67.00,0.20,-0.04
106173,26.60,69.40,26.80,67.00,0.10,-0.04
106397,26.60,69.40,26.80,67.00,0.22,-0.04
106621,26.60,69.40,26.80,67.00,0.22,-0.04
106846,26.60,69.40,26.80,67.00,0.22,-0.04
107070,26.60,69.40,26.80,67.00,0.22,0.04
107294,26.60,69.40,26.80,67.00,0.22,-0.04
107518,26.60,69.40,26.80,67.00,0.22,-0.04
107743,26.60,69.40,26.80,67.00,0.22,-0.04
107968,26.60,69.40,26.80,67.00,0.22,-0.04
108198,26.60,69.40,26.80,67.00,0.10,-0.11
108423,26.60,69.40,26.80,67.00,0.22,0.04
108647,26.60,69.40,26.80,67.00,0.22,0.04
108874,26.60,69.40,26.80,67.00,0.22,-0.11
109099,26.60,69.40,26.80,67.00,0.22,0.04
109323,26.60,69.40,26.80,67.00,0.22,-0.04
109547,26.60,69.40,26.80,67.00,0.22,0.04
109771,26.60,69.40,26.80,67.00,0.22,-0.04
109996,26.60,69.40,26.80,67.00,0.22,0.04
110226,26.60,69.40,26.80,67.00,0.10,-0.04
110450,26.60,69.40,26.80,67.00,0.24,-0.04
110674,26.60,69.40,26.80,67.00,0.22,-0.04
110899,26.60,69.40,26.80,67.00,0.22,-0.04
111123,26.60,69.40,26.80,67.00,0.22,-0.04
111347,26.60,69.40,26.80,67.00,0.24,-0.04
111604,26.60,69.40,26.80,67.00,0.22,0.04
111828,26.60,69.40,26.80,67.00,0.22,0.04
112053,26.60,69.40,26.80,67.00,0.22,0.04
112283,26.60,69.40,26.80,67.00,0.10,-0.11
112507,26.60,69.40,26.80,67.00,0.24,-0.04
112732,26.60,69.40,26.80,67.00,0.22,0.04
112956,26.60,69.40,26.80,67.00,0.22,0.04
113180,26.60,69.40,26.80,67.00,0.22,0.04
113404,26.60,69.40,26.80,67.00,0.22,-0.04
113629,26.60,69.40,26.80,67.00,0.22,0.04
113853,26.60,69.40,26.80,67.00,0.22,-0.04
114077,26.60,69.40,26.80,67.00,0.20,-0.04
114311,26.70,69.50,26.80,67.00,0.10,-0.11
114535,26.70,69.50,26.80,67.00,0.24,-0.04
114759,26.70,69.50,26.80,67.00,0.22,-0.11
114984,26.70,69.50,26.80,67.00,0.22,-0.04
115209,26.70,69.50,26.80,67.00,0.22,-0.11
115433,26.70,69.50,26.80,67.00,10.74,2.55
115657,26.70,69.50,26.80,67.00,12.27,2.93
115881,26.70,69.50,26.80,67.00,12.27,2.93
116106,26.70,69.50,26.80,67.00,12.30,3.00
116337,26.60,69.40,26.80,67.00,12.08,3.07
116561,26.60,69.40,26.80,67.00,12.30,3.15
116786,26.60,69.40,26.80,67.00,12.30,3.15
117042,26.60,69.40,26.80,67.00,12.30,3.22
117266,26.60,69.40,26.80,67.00,12.27,3.22
117490,26.60,69.40,26.80,67.00,12.32,3.07
117714,26.60,69.40,26.80,67.00,12.30,3.22
117939,26.60,69.40,26.80,67.00,12.27,3.37
118163,26.60,69.40,26.80,67.00,12.30,3.15
118394,26.60,69.40,26.80,67.00,12.10,3.15
118619,26.60,69.40,26.80,67.00,12.32,3.22
118843,26.60,69.40,26.80,67.00,12.27,3.37
119067,26.60,69.40,26.80,67.00,12.25,3.22
119291,26.60,69.40,26.80,67.00,12.27,3.22
119516,26.60,69.40,26.80,67.00,12.30,3.22
119743,26.60,69.40,26.80,67.00,12.30,3.30
119967,26.60,69.40,26.80,67.00,12.27,3.22
120192,26.60,69.40,26.80,67.00,12.25,3.44
120423,26.80,69.30,26.80,67.00,12.10,3.37
120647,26.80,69.30,26.80,67.00,12.32,3.37
120871,26.80,69.30,26.80,67.00,12.27,3.44
121096,26.80,69.30,26.80,67.00,12.25,3.44
121320,26.80,69.30,26.80,67.00,12.25,3.44
121544,26.80,69.30,26.80,67.00,12.27,3.44
121768,26.80,69.30,26.80,67.00,12.27,3.44
121993,26.80,69.30,26.80,67.00,12.27,3.52
122220,26.80,69.30,26.80,67.00,12.25,3.44
122480,27.30,68.90,26.80,67.00,12.10,3.44
122704,27.30,68.90,26.80,67.00,12.37,3.52
122929,27.30,68.90,26.80,67.00,12.27,3.59
123153,27.30,68.90,26.80,67.00,12.27,3.59
123377,27.30,68.90,26.80,67.00,12.22,3.59
123601,27.30,68.90,26.80,67.00,12.27,3.59
123826,27.30,68.90,26.80,67.00,12.22,3.59
124050,27.30,68.90,26.80,67.00,12.25,3.59
124275,27.30,68.90,26.80,67.00,12.25,3.59
124506,28.00,68.30,26.80,67.00,12.10,3.52
124730,28.00,68.30,26.80,67.00,12.27,3.74
124957,28.00,68.30,26.80,67.00,12.22,3.67
125181,28.00,68.30,26.80,67.00,12.27,3.52
125406,28.00,68.30,26.80,67.00,12.25,3.52
125630,28.00,68.30,26.80,67.00,12.20,3.59
125854,28.00,68.30,26.80,67.00,12.27,3.59
126078,28.00,68.30,26.80,67.00,12.25,3.67
126304,28.00,68.30,26.80,67.00,12.25,3.59
126534,28.80,67.30,26.80,67.00,12.05,3.59
126758,28.80,67.30,26.80,67.00,12.27,3.67
126983,28.80,67.30,26.80,67.00,12.25,3.59
127207,28.80,67.30,26.80,67.00,12.22,3.67
127431,28.80,67.30,26.80,67.00,12.25,3.67
127659,28.80,67.30,26.80,67.00,12.22,3.67
127911,28.80,67.30,26.80,67.00,12.25,3.74
128136,28.80,67.30,26.80,67.00,12.25,3.67
128360,28.80,67.30,26.80,67.00,12.25,3.67
128592,29.70,66.50,26.80,67.00,12.08,3.67
128817,29.70,66.50,26.80,67.00,12.30,3.74
129041,29.70,66.50,26.80,67.00,12.27,3.67
129265,29.70,66.50,26.80,67.00,12.27,3.67
129489,29.70,66.50,26.80,67.00,12.27,3.81
129714,29.70,66.50,26.80,67.00,12.25,3.74
129938,29.70,66.50,26.80,67.00,12.27,3.81
130162,29.70,66.50,26.80,67.00,12.27,3.74
130390,29.70,66.50,26.80,67.00,12.25,3.74
130620,30.60,65.20,26.90,67.10,12.08,3.74
130845,30.60,65.20,26.90,67.10,12.27,3.89
131069,30.60,65.20,26.90,67.10,12.27,3.81
131294,30.60,65.20,26.90,67.10,12.25,3.89
131518,30.60,65.20,26.90,67.10,12.25,3.89
131742,30.60,65.20,26.90,67.10,12.27,3.89
131966,30.60,65.20,26.90,67.10,12.27,3.89
132191,30.60,65.20,26.90,67.10,12.27,3.89
132415,30.60,65.20,26.90,67.10,12.25,3.89
132646,31.60,63.70,26.90,67.10,12.10,3.89
132871,31.60,63.70,26.90,67.10,12.27,3.96
133098,31.60,63.70,26.90,67.10,12.27,3.89
133351,31.60,63.70,26.90,67.10,12.25,3.89
133575,31.60,63.70,26.90,67.10,12.27,3.89
133799,31.60,63.70,26.90,67.10,12.27,3.81
134024,31.60,63.70,26.90,67.10,12.27,3.96
134249,31.60,63.70,26.90,67.10,12.27,3.89
134473,31.60,63.70,26.90,67.10,12.27,3.89
134705,32.50,62.90,26.90,67.10,12.10,3.81
134929,32.50,62.90,26.90,67.10,12.32,3.89
135153,32.50,62.90,26.90,67.10,12.25,3.96
135377,32.50,62.90,26.90,67.10,12.25,3.96
135602,32.50,62.90,26.90,67.10,12.25,3.96
135829,32.50,62.90,26.90,67.10,12.30,3.96
136053,32.50,62.90,26.90,67.10,12.27,3.89
136278,32.50,62.90,26.90,67.10,12.25,4.04
136502,32.50,62.90,26.90,67.10,12.27,3.96
136733,33.50,61.60,26.90,67.10,12.10,3.96
136957,33.50,61.60,26.90,67.10,12.30,4.11
137182,33.50,61.60,26.90,67.10,12.27,4.04
137406,33.50,61.60,26.90,67.10,12.27,3.96
137630,33.50,61.60,26.90,67.10,12.30,4.04
137854,33.50,61.60,26.90,67.10,12.27,4.04
138080,33.50,61.60,26.90,67.10,12.27,3.96
138304,33.50,61.60,26.90,67.10,12.27,4.04
138530,33.50,61.60,26.90,67.10,12.27,3.96
138790,34.50,60.00,26.90,67.10,12.10,3.96
139015,34.50,60.00,26.90,67.10,12.30,4.04
139239,34.50,60.00,26.90,67.10,12.25,4.11
139463,34.50,60.00,26.90,67.10,12.27,4.04
139687,34.50,60.00,26.90,67.10,12.25,4.11
139912,34.50,60.00,26.90,67.10,12.27,4.11
140136,34.50,60.00,26.90,67.10,12.25,4.11
140360,34.50,60.00,26.90,67.10,12.27,4.04
140584,34.50,60.00,26.90,67.10,12.27,3.96
140816,35.40,58.80,27.00,67.10,12.10,3.96
141040,35.40,58.80,27.00,67.10,12.30,4.11
141267,35.40,58.80,27.00,67.10,12.25,4.11
141492,35.40,58.80,27.00,67.10,12.25,4.04
141716,35.40,58.80,27.00,67.10,12.27,4.11
141940,35.40,58.80,27.00,67.10,12.27,4.04
142164,35.40,58.80,27.00,67.10,12.27,4.11
142389,35.40,58.80,27.00,67.10,12.27,4.18
142613,35.40,58.80,27.00,67.10,12.27,4.11
142844,36.40,57.40,27.00,67.10,12.10,4.11
143069,36.40,57.40,27.00,67.10,12.30,4.18
143293,36.40,57.40,27.00,67.10,12.27,4.18
143517,36.40,57.40,27.00,67.10,12.27,4.18
143741,36.40,57.40,27.00,67.10,12.27,4.18
143969,36.40,57.40,27.00,67.10,12.27,4.11
144193,36.40,57.40,27.00,67.10,12.27,4.11
144446,36.40,57.40,27.00,67.10,12.25,4.11
144670,36.40,57.40,27.00,67.10,12.27,4.11
144902,37.30,56.10,27.10,67.10,12.08,4.26
145126,37.30,56.10,27.10,67.10,12.27,4.04
145350,37.30,56.10,27.10,67.10,12.25,4.11
145574,37.30,56.10,27.10,67.10,12.27,4.11
145799,37.30,56.10,27.10,67.10,12.27,4.11
146023,37.30,56.10,27.10,67.10,12.25,4.11
146248,37.30,56.10,27.10,67.10,12.27,4.18
146472,37.30,56.10,27.10,67.10,12.27,4.11
146699,37.30,56.10,27.10,67.10,12.27,4.11
146929,38.20,54.80,27.10,67.10,12.05,4.18
147153,38.20,54.80,27.10,67.10,12.30,4.18
147378,38.20,54.80,27.10,67.10,12.27,4.18
147602,38.20,54.80,27.10,67.10,12.25,4.18
147827,38.20,54.80,27.10,67.10,12.27,4.18
148051,38.20,54.80,27.10,67.10,12.27,4.26
148276,38.20,54.80,27.10,67.10,12.27,4.18
148500,38.20,54.80,27.10,67.10,12.25,4.18
148724,38.20,54.80,27.10,67.10,12.27,4.18
148956,39.10,53.40,27.10,67.00,12.08,4.18
149180,39.10,53.40,27.10,67.00,12.30,4.18
149402,39.10,53.40,27.10,67.00,12.25,4.26
149626,39.10,53.40,27.10,67.00,12.25,4.26
149880,39.10,53.40,27.10,67.00,12.22,4.26
150105,39.10,53.40,27.10,67.00,12.27,4.18
150329,39.10,53.40,27.10,67.00,12.27,4.33
150553,39.10,53.40,27.10,67.00,12.27,4.18
150777,39.10,53.40,27.10,67.00,12.27,4.18
151009,39.90,52.10,27.20,67.10,12.10,4.26
151233,39.90,52.10,27.20,67.10,12.30,4.26
151457,39.90,52.10,27.20,67.10,12.27,4.26
151682,39.90,52.10,27.20,67.10,12.25,4.26
151909,39.90,52.10,27.20,67.10,12.25,4.33
152133,39.90,52.10,27.20,67.10,12.25,4.26
152357,39.90,52.10,27.20,67.10,12.27,4.26
152582,39.90,52.10,27.20,67.10,12.27,4.26
152806,39.90,52.10,27.20,67.10,12.27,4.26
153037,40.80,50.60,27.30,67.10,12.10,4.33
153262,40.80,50.60,27.30,67.10,12.30,4.33
153486,40.80,50.60,27.30,67.10,12.27,4.26
153710,40.80,50.60,27.30,67.10,12.25,4.33
153935,40.80,50.60,27.30,67.10,12.27,4.26
154160,40.80,50.60,27.30,67.10,12.25,4.33
154384,40.80,50.60,27.30,67.10,12.27,4.33
154611,40.80,50.60,27.30,67.10,12.25,4.26
154835,40.80,50.60,27.30,67.10,12.27,4.33
155066,41.60,49.40,27.30,67.00,12.05,4.41
155290,41.60,49.40,27.30,67.00,12.25,4.41
155544,41.60,49.40,27.30,67.00,12.25,4.41
155768,41.60,49.40,27.30,67.00,12.25,4.41
155993,41.60,49.40,27.30,67.00,12.25,4.33
156217,41.60,49.40,27.30,67.00,12.25,4.48
156441,41.60,49.40,27.30,67.00,12.25,4.41
156665,41.60,49.40,27.30,67.00,12.25,4.41
156890,41.60,49.40,27.30,67.00,12.25,4.48
157121,42.30,47.90,27.30,66.90,12.08,4.48
157347,42.30,47.90,27.30,66.90,12.27,4.48
157573,42.30,47.90,27.30,66.90,12.25,4.41
157797,42.30,47.90,27.30,66.90,12.25,4.48
158021,42.30,47.90,27.30,66.90,12.25,4.41
158245,42.30,47.90,27.30,66.90,12.25,4.48
158470,42.30,47.90,27.30,66.90,12.27,4.48
158694,42.30,47.90,27.30,66.90,12.22,4.41
158918,42.30,47.90,27.30,66.90,12.25,4.48
159150,43.10,46.60,27.40,66.90,12.08,4.41
159374,43.10,46.60,27.40,66.90,12.30,4.48
159598,43.10,46.60,27.40,66.90,12.27,4.41
159822,43.10,46.60,27.40,66.90,12.25,4.41
160049,43.10,46.60,27.40,66.90,12.27,4.41
160273,43.10,46.60,27.40,66.90,12.27,4.41
160498,43.10,46.60,27.40,66.90,12.25,4.48
160722,43.10,46.60,27.40,66.90,12.27,4.41
160974,43.10,46.60,27.40,66.90,12.25,4.41
161206,43.80,45.10,27.50,66.80,12.08,4.33
161430,43.80,45.10,27.50,66.80,12.30,4.41
161654,43.80,45.10,27.50,66.80,12.25,4.48
161879,43.80,45.10,27.50,66.80,12.25,4.41
162103,43.80,45.10,27.50,66.80,12.25,4.48
162327,43.80,45.10,27.50,66.80,12.25,4.41
162551,43.80,45.10,27.50,66.80,12.27,4.48
162779,43.80,45.10,27.50,66.80,12.25,4.48
163003,43.80,45.10,27.50,66.80,12.27,4.48
163234,44.50,43.60,27.60,66.80,12.08,4.48
163459,44.50,43.60,27.60,66.80,12.27,4.48
163683,44.50,43.60,27.60,66.80,12.25,4.41
163907,44.50,43.60,27.60,66.80,12.25,4.48
164131,44.50,43.60,27.60,66.80,12.25,4.48
164356,44.50,43.60,27.60,66.80,12.25,4.55
164580,44.50,43.60,27.60,66.80,12.22,4.55
164804,44.50,43.60,27.60,66.80,12.25,4.55
165028,44.50,43.60,27.60,66.80,12.25,4.63
165260,45.20,42.80,27.60,66.70,12.08,4.55
165486,45.20,42.80,27.60,66.70,12.25,4.55
165710,45.20,42.80,27.60,66.70,12.27,4.63
165935,45.20,42.80,27.60,66.70,12.25,4.55
166159,45.20,42.80,27.60,66.70,12.25,4.55
166413,45.20,42.80,27.60,66.70,12.25,4.48
166637,45.20,42.80,27.60,66.70,12.25,4.55
166861,45.20,42.80,27.60,66.70,12.27,4.55
167086,45.20,42.80,27.60,66.70,12.27,4.48
167316,45.90,41.50,27.70,66.60,12.10,4.41
167540,45.90,41.50,27.70,66.60,12.27,4.48
167766,45.90,41.50,27.70,66.60,12.27,4.55
167990,45.90,41.50,27.70,66.60,12.27,4.55
168216,45.90,41.50,27.70,66.60,12.25,4.48
168440,45.90,41.50,27.70,66.60,12.27,4.55
168665,45.90,41.50,27.70,66.60,12.25,4.48
168889,45.90,41.50,27.70,66.60,12.25,4.55
169113,45.90,41.50,27.70,66.60,12.27,4.55
169345,46.50,40.30,27.70,66.50,12.08,4.48
169569,46.50,40.30,27.70,66.50,12.27,4.48
169793,46.50,40.30,27.70,66.50,12.25,4.55
170017,46.50,40.30,27.70,66.50,12.27,4.55
170242,46.50,40.30,27.70,66.50,12.25,4.63
170466,46.50,40.30,27.70,66.50,12.25,4.55
170690,46.50,40.30,27.70,66.50,12.25,4.63
170917,46.50,40.30,27.70,66.50,12.27,4.55
171142,46.50,40.30,27.70,66.50,12.25,4.55
171373,47.10,39.10,27.80,66.40,12.08,4.55
171597,47.10,39.10,27.80,66.40,12.27,4.48
171850,47.10,39.10,27.80,66.40,12.25,4.55
172075,47.10,39.10,27.80,66.40,12.25,4.48
172299,47.10,39.10,27.80,66.40,12.25,4.63
172523,47.10,39.10,27.80,66.40,12.25,4.55
172747,47.10,39.10,27.80,66.40,12.22,4.55
172972,47.10,39.10,27.80,66.40,12.25,4.55
173196,47.10,39.10,27.80,66.40,12.25,4.48
173427,47.70,38.20,27.90,66.30,12.10,4.55
173655,47.70,38.20,27.90,66.30,12.27,4.63
173879,47.70,38.20,27.90,66.30,12.25,4.63
174103,47.70,38.20,27.90,66.30,12.27,4.63
174327,47.70,38.20,27.90,66.30,12.25,4.63
174552,47.70,38.20,27.90,66.30,12.25,4.63
174776,47.70,38.20,27.90,66.30,12.25,4.70
175000,47.70,38.20,27.90,66.30,12.20,4.70
175224,47.70,38.20,27.90,66.30,12.22,4.63
175456,48.30,37.20,28.00,66.10,12.08,4.63
175680,48.30,37.20,28.00,66.10,12.27,4.63
175904,48.30,37.20,28.00,66.10,12.25,4.55
176129,48.30,37.20,28.00,66.10,12.27,4.63
176366,48.30,37.20,28.00,66.10,12.25,4.63
176592,48.30,37.20,28.00,66.10,12.25,4.63
176819,48.30,37.20,28.00,66.10,12.25,4.55
177045,48.30,37.20,28.00,66.10,12.27,4.55
177300,48.30,37.20,28.00,66.10,12.25,4.63
177533,48.90,36.00,28.00,66.00,12.08,4.63
177760,48.90,36.00,28.00,66.00,12.27,4.63
177987,48.90,36.00,28.00,66.00,12.25,4.63
178213,48.90,36.00,28.00,66.00,12.25,4.63
178440,48.90,36.00,28.00,66.00,12.25,4.63
178666,48.90,36.00,28.00,66.00,12.25,4.63
178895,48.90,36.00,28.00,66.00,12.27,4.70
179123,48.90,36.00,28.00,66.00,12.27,4.63
179349,48.90,36.00,28.00,66.00,12.25,4.63
179582,49.50,34.70,28.10,65.80,12.08,4.55
179809,49.50,34.70,28.10,65.80,12.27,4.70
180035,49.50,34.70,28.10,65.80,12.25,4.55
180262,49.50,34.70,28.10,65.80,12.25,4.70
180489,49.50,34.70,28.10,65.80,12.22,4.63
180715,49.50,34.70,28.10,65.80,12.25,4.70
180941,49.50,34.70,28.10,65.80,12.25,4.70
181169,49.50,34.70,28.10,65.80,12.25,4.63
181395,49.50,34.70,28.10,65.80,12.25,4.70
181630,50.00,34.70,28.30,65.80,12.10,4.63
181858,50.00,34.70,28.30,65.80,12.30,4.63
182084,50.00,34.70,28.30,65.80,12.25,4.70
182310,50.00,34.70,28.30,65.80,12.25,4.63
182537,50.00,34.70,28.30,65.80,12.25,4.70
182793,50.00,34.70,28.30,65.80,12.27,4.63
183019,50.00,34.70,28.30,65.80,12.25,4.63
183246,50.00,34.70,28.30,65.80,12.25,4.63
183473,50.00,34.70,28.30,65.80,12.25,4.63
183706,50.50,33.30,28.30,65.60,12.05,4.63
183932,50.50,33.30,28.30,65.60,12.30,4.70
184159,50.50,33.30,28.30,65.60,12.27,4.63
184388,50.50,33.30,28.30,65.60,12.25,4.63
184614,50.50,33.30,28.30,65.60,12.25,4.63
184842,50.50,33.30,28.30,65.60,12.25,4.55
185068,50.50,33.30,28.30,65.60,12.27,4.55
185294,50.50,33.30,28.30,65.60,12.27,4.55
185522,50.50,33.30,28.30,65.60,12.27,4.63
185754,51.20,32.30,28.40,65.40,12.10,4.63
185980,51.20,32.30,28.40,65.40,12.27,4.55
186208,51.20,32.30,28.40,65.40,12.25,4.70
186434,51.20,32.30,28.40,65.40,12.25,4.55
186660,51.20,32.30,28.40,65.40,12.25,4.55
186888,51.20,32.30,28.40,65.40,12.27,4.63
187117,51.20,32.30,28.40,65.40,12.27,4.55
187343,51.20,32.30,28.40,65.40,12.25,4.63
187570,51.20,32.30,28.40,65.40,12.25,4.63
187803,51.70,31.40,28.50,65.20,12.08,4.55
188029,51.70,31.40,28.50,65.20,12.27,4.55
188284,51.70,31.40,28.50,65.20,12.25,4.63
188512,51.70,31.40,28.50,65.20,12.27,4.63
188738,51.70,31.40,28.50,65.20,12.25,4.55
188964,51.70,31.40,28.50,65.20,12.27,4.55
189191,51.70,31.40,28.50,65.20,12.27,4.63
189418,51.70,31.40,28.50,65.20,12.25,4.63
189644,51.70,31.40,28.50,65.20,12.25,4.70
189882,52.10,30.20,28.60,65.10,12.08,4.55
190108,52.10,30.20,28.60,65.10,12.27,4.63
190334,52.10,30.20,28.60,65.10,12.25,4.70
190561,52.10,30.20,28.60,65.10,12.27,4.63
190788,52.10,30.20,28.60,65.10,12.22,4.70
191014,52.10,30.20,28.60,65.10,12.27,4.63
191241,52.10,30.20,28.60,65.10,12.22,4.63
191468,52.10,30.20,28.60,65.10,12.25,4.63
191694,52.10,30.20,28.60,65.10,12.25,4.55
191929,52.70,29.80,28.70,65.00,12.08,4.63
192155,52.70,29.80,28.70,65.00,12.27,4.70
192381,52.70,29.80,28.70,65.00,12.25,4.70
192611,52.70,29.80,28.70,65.00,12.25,4.63
192837,52.70,29.80,28.70,65.00,12.25,4.63
193063,52.70,29.80,28.70,65.00,12.25,4.63
193291,52.70,29.80,28.70,65.00,12.27,4.63
193517,52.70,29.80,28.70,65.00,12.25,4.63
193743,52.70,29.80,28.70,65.00,12.25,4.63
194007,53.20,29.10,28.80,64.70,12.08,4.63
194234,53.20,29.10,28.80,64.70,12.30,4.70
194460,53.20,29.10,28.80,64.70,12.27,4.63
194686,53.20,29.10,28.80,64.70,12.25,4.63
194913,53.20,29.10,28.80,64.70,12.25,4.63
195140,53.20,29.10,28.80,64.70,12.25,4.70
195368,53.20,29.10,28.80,64.70,12.25,4.70
195596,53.20,29.10,28.80,64.70,12.25,4.63
195822,53.20,29.10,28.80,64.70,12.25,4.63
196056,53.60,28.40,28.90,64.60,12.05,4.63
196282,53.60,28.40,28.90,64.60,12.27,4.85
196508,53.60,28.40,28.90,64.60,12.25,4.85
196734,53.60,28.40,28.90,64.60,12.25,4.78
196962,53.60,28.40,28.90,64.60,12.25,4.78
197188,53.60,28.40,28.90,64.60,12.27,4.85
197414,53.60,28.40,28.90,64.60,12.22,4.85
197641,53.60,28.40,28.90,64.60,12.22,4.70
197868,53.60,28.40,28.90,64.60,12.25,4.78
198104,54.10,27.80,29.00,64.40,12.08,4.78
198330,54.10,27.80,29.00,64.40,12.27,4.78
198556,54.10,27.80,29.00,64.40,12.27,4.70
198784,54.10,27.80,29.00,64.40,12.22,4.78
199010,54.10,27.80,29.00,64.40,12.25,4.78
199236,54.10,27.80,29.00,64.40,12.25,4.85
199491,54.10,27.80,29.00,64.40,12.25,4.78
199717,54.10,27.80,29.00,64.40,12.25,4.78
199944,54.10,27.80,29.00,64.40,12.25,4.78
200177,54.60,27.00,29.10,64.20,12.08,4.78
200403,54.60,27.00,29.10,64.20,12.27,4.78
200630,54.60,27.00,29.10,64.20,12.22,4.78
200859,54.60,27.00,29.10,64.20,12.25,4.78
201085,54.60,27.00,29.10,64.20,12.22,4.78
201313,54.60,27.00,29.10,64.20,12.22,4.78
201539,54.60,27.00,29.10,64.20,12.25,4.85
201765,54.60,27.00,29.10,64.20,12.25,4.85
201992,54.60,27.00,29.10,64.20,12.22,4.92
202225,55.00,26.60,29.30,64.10,12.08,4.85
202451,55.00,26.60,29.30,64.10,12.25,4.85
202678,55.00,26.60,29.30,64.10,12.22,4.85
202905,55.00,26.60,29.30,64.10,12.25,4.85
203131,55.00,26.60,29.30,64.10,12.25,4.85
203358,55.00,26.60,29.30,64.10,12.25,4.85
203587,55.00,26.60,29.30,64.10,12.22,4.70
203813,55.00,26.60,29.30,64.10,12.25,4.85
204041,55.00,26.60,29.30,64.10,12.22,4.78
204273,55.50,26.00,29.40,63.80,12.08,4.85
204499,55.50,26.00,29.40,63.80,12.27,4.85
204727,55.50,26.00,29.40,63.80,12.22,4.85
204982,55.50,26.00,29.40,63.80,12.22,4.85
205208,55.50,26.00,29.40,63.80,12.22,4.85
205435,55.50,26.00,29.40,63.80,12.25,4.78
205662,55.50,26.00,29.40,63.80,12.22,4.78
205888,55.50,26.00,29.40,63.80,12.22,4.85
206114,55.50,26.00,29.40,63.80,12.25,4.85
206351,55.80,25.30,29.50,63.60,12.05,4.85
206577,55.80,25.30,29.50,63.60,12.27,4.92
206804,55.80,25.30,29.50,63.60,12.22,4.78
207031,55.80,25.30,29.50,63.60,12.22,4.78
207257,55.80,25.30,29.50,63.60,12.25,4.85
207483,55.80,25.30,29.50,63.60,12.22,4.85
207710,55.80,25.30,29.50,63.60,12.22,4.92
207937,55.80,25.30,29.50,63.60,12.22,4.78
208163,55.80,25.30,29.50,63.60,12.22,4.92
208397,56.30,24.80,29.60,63.30,12.05,4.85
208623,56.30,24.80,29.60,63.30,12.25,4.85
208852,56.30,24.80,29.60,63.30,12.25,4.78
209079,56.30,24.80,29.60,63.30,12.22,4.85
209305,56.30,24.80,29.60,63.30,12.22,5.00
209531,56.30,24.80,29.60,63.30,12.25,4.85
209759,56.30,24.80,29.60,63.30,12.25,4.85
209985,56.30,24.80,29.60,63.30,12.25,4.85
210211,56.30,24.80,29.60,63.30,12.22,4.85
210473,56.70,24.20,29.70,63.00,12.05,4.70
210700,56.70,24.20,29.70,63.00,12.25,4.70
210926,56.70,24.20,29.70,63.00,12.22,4.70
211153,56.70,24.20,29.70,63.00,12.25,4.78
211380,56.70,24.20,29.70,63.00,12.22,4.78
211609,56.70,24.20,29.70,63.00,12.25,4.78
211835,56.70,24.20,29.70,63.00,12.25,4.85
212062,56.70,24.20,29.70,63.00,12.25,4.78
212288,56.70,24.20,29.70,63.00,12.25,4.70
212521,57.20,23.60,29.80,62.80,12.10,4.70
212748,57.20,23.60,29.80,62.80,12.27,4.70
212975,57.20,23.60,29.80,62.80,12.25,4.78
213201,57.20,23.60,29.80,62.80,12.25,4.70
213428,57.20,23.60,29.80,62.80,12.25,4.70
213654,57.20,23.60,29.80,62.80,12.25,4.78
213880,57.20,23.60,29.80,62.80,12.25,4.70
214108,57.20,23.60,29.80,62.80,12.25,4.78
214337,57.20,23.60,29.80,62.80,12.27,4.70
214569,57.60,23.10,29.90,62.60,12.08,4.78
214796,57.60,23.10,29.90,62.60,12.27,4.70
215023,57.60,23.10,29.90,62.60,12.22,4.78
215249,57.60,23.10,29.90,62.60,12.25,4.85
215476,57.60,23.10,29.90,62.60,12.22,4.78
215702,57.60,23.10,29.90,62.60,12.22,4.78
215928,57.60,23.10,29.90,62.60,12.22,4.78
216184,57.60,23.10,29.90,62.60,12.27,4.78
216411,57.60,23.10,29.90,62.60,12.22,4.85
216644,58.00,22.70,30.10,62.40,12.08,4.85
216871,58.00,22.70,30.10,62.40,12.25,4.78
217100,58.00,22.70,30.10,62.40,12.27,4.85
217327,58.00,22.70,30.10,62.40,12.25,4.78
217553,58.00,22.70,30.10,62.40,12.25,4.70
217780,58.00,22.70,30.10,62.40,12.25,4.78
218006,58.00,22.70,30.10,62.40,12.25,4.78
218233,58.00,22.70,30.10,62.40,12.25,4.78
218460,58.00,22.70,30.10,62.40,12.25,4.78
218693,58.50,22.40,30.20,62.10,12.08,4.78
218919,58.50,22.40,30.20,62.10,12.27,4.78
219146,58.50,22.40,30.20,62.10,12.27,4.78
219372,58.50,22.40,30.20,62.10,12.22,4.78
219598,58.50,22.40,30.20,62.10,12.22,4.78
219828,58.50,22.40,30.20,62.10,12.25,4.78
220055,58.50,22.40,30.20,62.10,12.25,4.78
220281,58.50,22.40,30.20,62.10,12.22,4.78
220508,58.50,22.40,30.20,62.10,12.27,4.85
220742,58.80,21.80,30.30,61.90,12.08,4.78
220968,58.80,21.80,30.30,61.90,12.27,4.78
221195,58.80,21.80,30.30,61.90,12.27,4.78
221421,58.80,21.80,30.30,61.90,12.25,4.70
221677,58.80,21.80,30.30,61.90,12.27,4.85
221903,58.80,21.80,30.30,61.90,12.25,4.78
222130,58.80,21.80,30.30,61.90,12.25,4.78
222357,58.80,21.80,30.30,61.90,12.25,4.78
222586,58.80,21.80,30.30,61.90,12.25,4.78
222819,59.20,21.20,30.40,61.60,12.05,4.85
223045,59.20,21.20,30.40,61.60,12.27,4.70
223272,59.20,21.20,30.40,61.60,12.25,4.78
223499,59.20,21.20,30.40,61.60,12.25,4.92
223725,59.20,21.20,30.40,61.60,12.25,4.92
223952,59.20,21.20,30.40,61.60,12.25,4.85
224179,59.20,21.20,30.40,61.60,12.25,4.92
224405,59.20,21.20,30.40,61.60,12.22,4.85
224631,59.20,21.20,30.40,61.60,12.10,4.92
224865,59.50,20.70,30.50,61.40,11.93,4.92
225091,59.50,20.70,30.50,61.40,12.13,4.92
225320,59.50,20.70,30.50,61.40,12.15,4.85
225548,59.50,20.70,30.50,61.40,12.15,4.92
225774,59.50,20.70,30.50,61.40,12.20,4.92
226000,59.50,20.70,30.50,61.40,12.08,4.78
226227,59.50,20.70,30.50,61.40,12.03,4.92
226453,59.50,20.70,30.50,61.40,12.13,4.92
226680,59.50,20.70,30.50,61.40,12.15,4.85
226914,59.80,20.00,30.60,61.10,12.00,4.85
227169,59.80,20.00,30.60,61.10,12.15,4.78
227396,59.80,20.00,30.60,61.10,12.13,4.85
227622,59.80,20.00,30.60,61.10,12.15,4.85
227849,59.80,20.00,30.60,61.10,12.15,4.85
228078,59.80,20.00,30.60,61.10,12.08,4.85
228304,59.80,20.00,30.60,61.10,12.15,4.85
228531,59.80,20.00,30.60,61.10,12.20,4.85
228758,59.80,20.00,30.60,61.10,12.18,4.85
228992,60.20,19.40,30.70,60.80,11.79,4.92
229218,60.20,19.40,30.70,60.80,12.00,4.92
229445,60.20,19.40,30.70,60.80,11.96,4.78
229671,60.20,19.40,30.70,60.80,12.25,4.92
229898,60.20,19.40,30.70,60.80,12.00,4.92
230124,60.20,19.40,30.70,60.80,12.00,4.85
230351,60.20,19.40,30.70,60.80,12.00,4.92
230578,60.20,19.40,30.70,60.80,11.98,4.92
230807,60.20,19.40,30.70,60.80,12.00,4.92
231040,60.50,19.40,30.80,60.60,11.83,4.85
231266,60.50,19.40,30.80,60.60,12.20,4.85
231493,60.50,19.40,30.80,60.60,12.20,4.85
231719,60.50,19.40,30.80,60.60,12.27,4.85
231946,60.50,19.40,30.80,60.60,12.22,4.85
232172,60.50,19.40,30.80,60.60,12.25,4.85
232398,60.50,19.40,30.80,60.60,12.25,4.92
232654,60.50,19.40,30.80,60.60,12.25,4.78
232881,60.50,19.40,30.80,60.60,12.27,4.85
233115,60.90,19.40,30.90,60.30,12.08,4.85
233341,60.90,19.40,30.90,60.30,12.27,4.85
233571,60.90,19.40,30.90,60.30,12.22,4.85
233797,60.90,19.40,30.90,60.30,12.25,4.85
234023,60.90,19.40,30.90,60.30,12.25,4.85
234250,60.90,19.40,30.90,60.30,12.22,4.85
234476,60.90,19.40,30.90,60.30,12.25,4.92
234703,60.90,19.40,30.90,60.30,12.25,4.85
234930,60.90,19.40,30.90,60.30,12.25,4.85
235163,61.30,18.70,31.10,60.10,11.91,4.92
235389,61.30,18.70,31.10,60.10,12.15,4.85
235616,61.30,18.70,31.10,60.10,12.15,4.85
235842,61.30,18.70,31.10,60.10,11.98,4.85
236068,61.30,18.70,31.10,60.10,11.96,4.92
236298,61.30,18.70,31.10,60.10,11.96,4.85
236525,61.30,18.70,31.10,60.10,12.25,4.78
236751,61.30,18.70,31.10,60.10,12.25,4.92
236978,61.30,18.70,31.10,60.10,12.25,4.78
237211,61.60,18.20,31.20,59.80,12.08,4.78
237438,61.60,18.20,31.20,59.80,12.27,4.92
237665,61.60,18.20,31.20,59.80,12.00,4.78
237891,61.60,18.20,31.20,59.80,11.91,4.85
238117,61.60,18.20,31.20,59.80,12.05,4.85
238373,61.60,18.20,31.20,59.80,12.03,4.85
238600,61.60,18.20,31.20,59.80,12.03,4.92
238829,61.60,18.20,31.20,59.80,12.05,4.85
239055,61.60,18.20,31.20,59.80,11.96,4.85
239289,61.90,17.80,31.30,59.60,11.93,4.85
239515,61.90,17.80,31.30,59.60,12.00,4.85
239741,61.90,17.80,31.30,59.60,12.03,4.85
239968,61.90,17.80,31.30,59.60,12.05,4.92
240195,61.90,17.80,31.30,59.60,11.91,4.85
240421,61.90,17.80,31.30,59.60,12.08,4.85
240648,61.90,17.80,31.30,59.60,12.03,4.78
240874,61.90,17.80,31.30,59.60,12.15,4.85
241100,61.90,17.80,31.30,59.60,12.22,4.92
241334,62.10,17.30,31.40,59.40,12.08,4.85
241563,62.10,17.30,31.40,59.40,12.27,4.85
241789,62.10,17.30,31.40,59.40,12.22,4.85
242016,62.10,17.30,31.40,59.40,12.10,4.85
242242,62.10,17.30,31.40,59.40,12.22,4.78
242469,62.10,17.30,31.40,59.40,12.20,4.85
242696,62.10,17.30,31.40,59.40,12.22,4.85
242922,62.10,17.30,31.40,59.40,12.20,4.85
243148,62.10,17.30,31.40,59.40,12.15,4.85
243382,62.50,16.90,31.50,59.10,11.91,4.92
243608,62.50,16.90,31.50,59.10,12.13,4.85
243864,62.50,16.90,31.50,59.10,12.10,4.85
244090,62.50,16.90,31.50,59.10,12.10,4.85
244320,62.50,16.90,31.50,59.10,12.10,4.85
244546,62.50,16.90,31.50,59.10,12.13,4.92
244772,62.50,16.90,31.50,59.10,12.10,4.92
244999,62.50,16.90,31.50,59.10,12.10,4.85
245225,62.50,16.90,31.50,59.10,12.08,4.85
245458,62.70,16.50,31.60,58.90,11.93,4.85
245685,62.70,16.50,31.60,58.90,12.10,4.92
245911,62.70,16.50,31.60,58.90,12.08,4.85
246138,62.70,16.50,31.60,58.90,12.13,4.85
246365,62.70,16.50,31.60,58.90,12.08,4.92
246591,62.70,16.50,31.60,58.90,12.05,4.85
246817,62.70,16.50,31.60,58.90,12.08,4.85
247047,62.70,16.50,31.60,58.90,12.10,4.85
247273,62.70,16.50,31.60,58.90,12.25,4.85
247506,63.00,16.10,31.80,58.80,12.05,4.85
247733,63.00,16.10,31.80,58.80,12.30,4.85
247959,63.00,16.10,31.80,58.80,12.20,4.92
248185,63.00,16.10,31.80,58.80,12.05,4.85
248412,63.00,16.10,31.80,58.80,12.03,4.92
248639,63.00,16.10,31.80,58.80,12.00,5.00
248865,63.00,16.10,31.80,58.80,11.96,4.85
249092,63.00,16.10,31.80,58.80,11.93,4.85
249347,63.00,16.10,31.80,58.80,12.03,4.92
249580,63.30,15.70,31.90,58.50,11.91,4.78
249809,63.30,15.70,31.90,58.50,12.03,4.92
250036,63.30,15.70,31.90,58.50,12.05,4.85
250262,63.30,15.70,31.90,58.50,11.93,4.85
250488,63.30,15.70,31.90,58.50,12.13,4.85
250716,63.30,15.70,31.90,58.50,12.03,4.85
250942,63.30,15.70,31.90,58.50,11.98,4.92
251168,63.30,15.70,31.90,58.50,12.00,4.85
251395,63.30,15.70,31.90,58.50,12.00,4.92
251628,63.50,15.20,32.00,58.20,11.86,4.85
251854,63.50,15.20,32.00,58.20,12.20,4.92
252081,63.50,15.20,32.00,58.20,11.88,4.85
252307,63.50,15.20,32.00,58.20,12.03,4.85
252536,63.50,15.20,32.00,58.20,12.10,4.92
252763,63.50,15.20,32.00,58.20,11.86,4.85
252989,63.50,15.20,32.00,58.20,11.98,4.85
253216,63.50,15.20,32.00,58.20,12.00,4.85
253443,63.50,15.20,32.00,58.20,11.98,4.92
253676,63.80,14.90,32.10,57.90,11.81,4.85
253902,63.80,14.90,32.10,57.90,12.03,4.85
254130,63.80,14.90,32.10,57.90,12.00,4.85
254356,63.80,14.90,32.10,57.90,12.00,4.85
254582,63.80,14.90,32.10,57.90,11.98,4.85
254837,63.80,14.90,32.10,57.90,11.98,4.85
255064,63.80,14.90,32.10,57.90,11.96,4.78
255293,63.80,14.90,32.10,57.90,11.96,4.85
255519,63.80,14.90,32.10,57.90,12.00,4.92
255753,64.20,14.50,32.30,57.70,11.79,4.85
255979,64.20,14.50,32.30,57.70,12.03,4.85
256205,64.20,14.50,32.30,57.70,12.03,4.92
256432,64.20,14.50,32.30,57.70,12.00,4.85
256659,64.20,14.50,32.30,57.70,11.98,4.85
256885,64.20,14.50,32.30,57.70,12.00,4.85
257112,64.20,14.50,32.30,57.70,12.03,4.85
257338,64.20,14.50,32.30,57.70,12.00,4.78
257564,64.20,14.50,32.30,57.70,12.00,4.92
257798,64.30,14.30,32.40,57.40,11.88,4.78
258026,64.30,14.30,32.40,57.40,12.08,4.85
258253,64.30,14.30,32.40,57.40,12.05,4.85
258480,64.30,14.30,32.40,57.40,12.05,4.85
258706,64.30,14.30,32.40,57.40,12.05,4.78
258932,64.30,14.30,32.40,57.40,12.00,4.85
259159,64.30,14.30,32.40,57.40,12.00,4.85
259385,64.30,14.30,32.40,57.40,12.03,4.92
259612,64.30,14.30,32.40,57.40,12.00,4.85
259845,64.60,14.00,32.50,57.20,11.86,4.85
260071,64.60,14.00,32.50,57.20,12.05,4.78
260297,64.60,14.00,32.50,57.20,12.00,4.92
260552,64.60,14.00,32.50,57.20,12.03,4.92
260782,64.60,14.00,32.50,57.20,12.00,4.92
261008,64.60,14.00,32.50,57.20,12.03,4.92
261234,64.60,14.00,32.50,57.20,11.81,4.78
261462,64.60,14.00,32.50,57.20,11.83,4.85
261688,64.60,14.00,32.50,57.20,11.83,4.85
261921,64.90,13.50,32.70,56.90,11.66,4.85
262149,64.90,13.50,32.70,56.90,11.91,4.85
262375,64.90,13.50,32.70,56.90,11.81,4.85
262601,64.90,13.50,32.70,56.90,12.03,4.78
262828,64.90,13.50,32.70,56.90,12.13,4.85
263054,64.90,13.50,32.70,56.90,11.98,4.85
263280,64.90,13.50,32.70,56.90,12.27,4.85
263510,64.90,13.50,32.70,56.90,12.25,4.92
263737,64.90,13.50,32.70,56.90,12.27,4.85
263969,65.00,13.10,32.80,56.70,12.08,4.85
264196,65.00,13.10,32.80,56.70,12.27,4.85
264423,65.00,13.10,32.80,56.70,12.05,4.85
264649,65.00,13.10,32.80,56.70,12.10,4.85
264876,65.00,13.10,32.80,56.70,12.08,4.92
265102,65.00,13.10,32.80,56.70,12.22,4.85
265329,65.00,13.10,32.80,56.70,12.05,4.78
265555,65.00,13.10,32.80,56.70,12.15,4.85
265782,65.00,13.10,32.80,56.70,12.25,4.92
266044,65.30,12.80,32.90,56.40,12.10,4.85
266268,65.30,12.80,32.90,56.40,12.22,4.92
266496,65.30,12.80,32.90,56.40,12.22,4.85
266722,65.30,12.80,32.90,56.40,12.22,4.85
266948,65.30,12.80,32.90,56.40,12.10,4.85
267175,65.30,12.80,32.90,56.40,12.13,4.78
267402,65.30,12.80,32.90,56.40,12.18,4.78
267628,65.30,12.80,32.90,56.40,12.18,4.92
267854,65.30,12.80,32.90,56.40,12.18,4.85
268088,65.60,12.50,33.10,56.20,12.00,4.85
268314,65.60,12.50,33.10,56.20,12.27,4.85
268541,65.60,12.50,33.10,56.20,12.27,4.92
268770,65.60,12.50,33.10,56.20,12.25,4.92
268997,65.60,12.50,33.10,56.20,12.27,4.78
269223,65.60,12.50,33.10,56.20,12.20,4.92
269450,65.60,12.50,33.10,56.20,12.15,4.85
269677,65.60,12.50,33.10,56.20,12.13,4.85
269903,65.60,12.50,33.10,56.20,12.27,4.92
270138,65.80,12.20,33.20,55.90,11.96,4.78
270364,65.80,12.20,33.20,55.90,12.27,4.92
270590,65.80,12.20,33.20,55.90,12.22,4.92
270817,65.80,12.20,33.20,55.90,12.25,4.85
271044,65.80,12.20,33.20,55.90,12.27,4.92
271270,65.80,12.20,33.20,55.90,12.25,4.85
271529,65.80,12.20,33.20,55.90,12.27,4.92
271756,65.80,12.20,33.20,55.90,12.27,4.78
271983,65.80,12.20,33.20,55.90,12.08,4.85
272216,66.00,11.60,33.30,55.60,11.98,4.85
272443,66.00,11.60,33.30,55.60,12.30,4.85
272669,66.00,11.60,33.30,55.60,12.25,4.85
272896,66.00,11.60,33.30,55.60,12.05,4.92
273122,66.00,11.60,33.30,55.60,12.15,4.85
273349,66.00,11.60,33.30,55.60,12.13,4.85
273575,66.00,11.60,33.30,55.60,12.03,4.78
273802,66.00,11.60,33.30,55.60,12.20,4.85
274029,66.00,11.60,33.30,55.60,12.18,5.00
274265,66.20,11.80,33.50,55.40,11.96,4.78
274491,66.20,11.80,33.50,55.40,12.15,4.92
274718,66.20,11.80,33.50,55.40,12.20,4.92
274945,66.20,11.80,33.50,55.40,12.03,4.92
275171,66.20,11.80,33.50,55.40,12.00,4.92
275398,66.20,11.80,33.50,55.40,11.98,4.85
275624,66.20,11.80,33.50,55.40,12.03,4.85
275851,66.20,11.80,33.50,55.40,12.03,4.85
276077,66.20,11.80,33.50,55.40,11.98,4.78
276311,66.60,12.00,33.60,55.10,11.83,4.85
276537,66.60,12.00,33.60,55.10,12.03,4.85
276763,66.60,12.00,33.60,55.10,12.00,4.85
277021,66.60,12.00,33.60,55.10,12.03,4.92
277249,66.60,12.00,33.60,55.10,12.00,4.85
277475,66.60,12.00,33.60,55.10,12.00,4.92
277701,66.60,12.00,33.60,55.10,11.96,4.78
277928,66.60,12.00,33.60,55.10,12.03,4.85
278155,66.60,12.00,33.60,55.10,12.03,4.85
278388,66.70,11.80,33.70,54.80,11.88,4.85
278615,66.70,11.80,33.70,54.80,12.05,4.85
278841,66.70,11.80,33.70,54.80,12.00,4.85
279067,66.70,11.80,33.70,54.80,12.00,4.85
279294,66.70,11.80,33.70,54.80,12.00,4.85
279521,66.70,11.80,33.70,54.80,12.03,4.85
279750,66.70,11.80,33.70,54.80,12.00,4.85
279976,66.70,11.80,33.70,54.80,12.03,4.78
280204,66.70,11.80,33.70,54.80,12.00,4.85
280436,67.00,11.30,33.80,54.50,11.86,4.85
280663,67.00,11.30,33.80,54.50,12.03,4.85
280890,67.00,11.30,33.80,54.50,12.05,4.85
281116,67.00,11.30,33.80,54.50,11.91,4.92
281342,67.00,11.30,33.80,54.50,11.91,4.85
281570,67.00,11.30,33.80,54.50,11.93,4.85
281796,67.00,11.30,33.80,54.50,11.91,4.85
282022,67.00,11.30,33.80,54.50,11.71,4.92
282249,67.00,11.30,33.80,54.50,11.91,4.85
282515,67.10,10.60,33.90,54.30,11.76,4.78
282741,67.10,10.60,33.90,54.30,11.96,4.85
282969,67.10,10.60,33.90,54.30,11.93,4.85
283195,67.10,10.60,33.90,54.30,11.98,4.85
283421,67.10,10.60,33.90,54.30,12.03,4.85
283648,67.10,10.60,33.90,54.30,11.88,4.78
283875,67.10,10.60,33.90,54.30,12.03,4.85
284101,67.10,10.60,33.90,54.30,11.88,4.85
284327,67.10,10.60,33.90,54.30,12.03,4.85
284561,67.50,10.40,34.10,54.00,11.93,4.85
284787,67.50,10.40,34.10,54.00,12.10,4.85
285014,67.50,10.40,34.10,54.00,11.91,4.92
285243,67.50,10.40,34.10,54.00,12.13,4.78
285469,67.50,10.40,34.10,54.00,12.13,4.85
285696,67.50,10.40,34.10,54.00,12.13,4.85
285923,67.50,10.40,34.10,54.00,12.10,4.85
286149,67.50,10.40,34.10,54.00,12.13,4.85
286375,67.50,10.40,34.10,54.00,12.08,4.85
286609,67.60,10.10,34.20,53.80,11.93,4.78
286835,67.60,10.10,34.20,53.80,12.15,4.85
287062,67.60,10.10,34.20,53.80,12.13,4.78
287289,67.60,10.10,34.20,53.80,12.10,4.78
287515,67.60,10.10,34.20,53.80,12.08,4.92
287741,67.60,10.10,34.20,53.80,12.10,4.85
288000,67.60,10.10,34.20,53.80,12.15,4.85
288226,67.60,10.10,34.20,53.80,12.15,4.92
288452,67.60,10.10,34.20,53.80,12.03,4.85
288686,67.80,9.80,34.30,53.50,11.93,4.92
288912,67.80,9.80,34.30,53.50,12.20,4.85
289138,67.80,9.80,34.30,53.50,12.05,4.92
289366,67.80,9.80,34.30,53.50,12.10,4.85
289592,67.80,9.80,34.30,53.50,12.08,4.85
289818,67.80,9.80,34.30,53.50,11.91,4.92
290044,67.80,9.80,34.30,53.50,12.15,4.85
290271,67.80,9.80,34.30,53.50,12.18,4.85
290497,67.80,9.80,34.30,53.50,12.20,4.85
290734,68.00,9.70,34.40,53.30,12.03,4.85
290960,68.00,9.70,34.40,53.30,12.22,4.92
291187,68.00,9.70,34.40,53.30,12.05,4.85
291414,68.00,9.70,34.40,53.30,11.96,4.85
291640,68.00,9.70,34.40,53.30,12.08,4.85
291866,68.00,9.70,34.40,53.30,12.05,4.92
292092,68.00,9.70,34.40,53.30,12.00,4.92
292319,68.00,9.70,34.40,53.30,11.93,4.78
292545,68.00,9.70,34.40,53.30,12.10,4.85
292779,68.20,9.40,34.50,53.00,11.93,4.85
293005,68.20,9.40,34.50,53.00,12.15,4.92
293231,68.20,9.40,34.50,53.00,12.13,4.92
293490,68.20,9.40,34.50,53.00,12.10,4.92
293716,68.20,9.40,34.50,53.00,12.10,4.92
293943,68.20,9.40,34.50,53.00,12.13,4.85
294169,68.20,9.40,34.50,53.00,12.05,4.85
294396,68.20,9.40,34.50,53.00,12.05,4.92
294623,68.20,9.40,34.50,53.00,12.05,4.92
294856,68.30,9.20,34.60,52.70,11.86,4.85
295083,68.30,9.20,34.60,52.70,11.96,4.92
295310,68.30,9.20,34.60,52.70,12.10,4.85
295536,68.30,9.20,34.60,52.70,12.10,4.92
295762,68.30,9.20,34.60,52.70,12.15,4.85
295989,68.30,9.20,34.60,52.70,12.15,4.92
296218,68.30,9.20,34.60,52.70,12.15,4.85
296444,68.30,9.20,34.60,52.70,12.10,4.92
296671,68.30,9.20,34.60,52.70,12.18,4.78
296904,68.50,8.90,34.80,52.60,12.03,4.78
297131,68.50,8.90,34.80,52.60,12.22,4.85
297357,68.50,8.90,34.80,52.60,12.15,4.92
297583,68.50,8.90,34.80,52.60,12.10,4.92
297809,68.50,8.90,34.80,52.60,12.13,4.85
298036,68.50,8.90,34.80,52.60,12.10,4.78
298262,68.50,8.90,34.80,52.60,11.81,4.85
298489,68.50,8.90,34.80,52.60,12.03,4.85
298716,68.50,8.90,34.80,52.60,12.03,4.78
298979,68.60,8.60,34.90,52.30,11.83,4.85
299206,68.60,8.60,34.90,52.30,12.05,4.92
299432,68.60,8.60,34.90,52.30,12.05,4.92
299659,68.60,8.60,34.90,52.30,12.05,4.85
299885,68.60,8.60,34.90,52.30,12.08,4.78
300111,68.60,8.60,34.90,52.30,12.08,4.78
300338,68.60,8.60,34.90,52.30,12.10,4.85
300564,68.60,8.60,34.90,52.30,12.10,4.85
300791,68.60,8.60,34.90,52.30,12.13,4.92
301024,69.00,8.40,35.00,52.00,11.88,4.85
301250,69.00,8.40,35.00,52.00,12.10,4.92
301476,69.00,8.40,35.00,52.00,12.00,4.92
301703,69.00,8.40,35.00,52.00,11.98,4.85
301932,69.00,8.40,35.00,52.00,11.98,4.92
302158,69.00,8.40,35.00,52.00,12.03,4.92
302385,69.00,8.40,35.00,52.00,12.00,4.85
302611,69.00,8.40,35.00,52.00,11.96,4.78
302837,69.00,8.40,35.00,52.00,11.98,4.85
303071,69.10,7.90,35.20,51.80,11.86,4.85
303297,69.10,7.90,35.20,51.80,12.00,4.85
303523,69.10,7.90,35.20,51.80,12.08,4.92
303750,69.10,7.90,35.20,51.80,11.96,4.92
303976,69.10,7.90,35.20,51.80,12.00,4.85
304202,69.10,7.90,35.20,51.80,11.91,4.85
304429,69.10,7.90,35.20,51.80,11.98,4.85
304688,69.10,7.90,35.20,51.80,11.98,4.85
304914,69.10,7.90,35.20,51.80,12.03,4.92
305146,69.30,7.90,35.30,51.60,11.54,4.85
305374,69.30,7.90,35.30,51.60,12.10,4.85
305600,69.30,7.90,35.30,51.60,11.98,4.92
305826,69.30,7.90,35.30,51.60,11.86,4.92
306053,69.30,7.90,35.30,51.60,12.03,4.92
306279,69.30,7.90,35.30,51.60,12.00,4.85
306505,69.30,7.90,35.30,51.60,11.98,4.85
306732,69.30,7.90,35.30,51.60,12.03,4.78
306958,69.30,7.90,35.30,51.60,12.08,4.85
307191,69.50,7.60,35.40,51.30,11.83,4.92
307421,69.50,7.60,35.40,51.30,12.03,4.85
307647,69.50,7.60,35.40,51.30,12.08,4.85
307873,69.50,7.60,35.40,51.30,12.10,4.85
308100,69.50,7.60,35.40,51.30,12.10,4.85
308326,69.50,7.60,35.40,51.30,12.13,4.85
308552,69.50,7.60,35.40,51.30,12.05,4.85
308779,69.50,7.60,35.40,51.30,12.08,4.78
309006,69.50,7.60,35.40,51.30,12.08,4.85
309238,69.60,7.40,35.60,51.10,11.88,4.85
309465,69.60,7.40,35.60,51.10,12.13,4.92
309691,69.60,7.40,35.60,51.10,11.98,4.85
309946,69.60,7.40,35.60,51.10,12.03,4.85
310175,69.60,7.40,35.60,51.10,12.00,4.85
310402,69.60,7.40,35.60,51.10,12.03,4.85
310629,69.60,7.40,35.60,51.10,12.05,4.92
310855,69.60,7.40,35.60,51.10,12.05,4.85
311081,69.60,7.40,35.60,51.10,12.03,4.78
311314,69.80,7.20,35.70,50.90,11.74,4.92
311541,69.80,7.20,35.70,50.90,11.98,4.78
311768,69.80,7.20,35.70,50.90,12.05,4.85
311994,69.80,7.20,35.70,50.90,12.03,4.92
312220,69.80,7.20,35.70,50.90,12.05,4.92
312446,69.80,7.20,35.70,50.90,11.98,4.85
312673,69.80,7.20,35.70,50.90,11.98,4.85
312902,69.80,7.20,35.70,50.90,12.00,4.85
313128,69.80,7.20,35.70,50.90,12.05,4.85
313363,69.90,7.00,35.80,50.60,11.83,4.85
313589,69.90,7.00,35.80,50.60,12.03,4.92
313816,69.90,7.00,35.80,50.60,11.98,4.92
314042,69.90,7.00,35.80,50.60,11.98,4.92
314268,69.90,7.00,35.80,50.60,12.00,4.78
314494,69.90,7.00,35.80,50.60,12.00,4.85
314721,69.90,7.00,35.80,50.60,11.88,4.85
314947,69.90,7.00,35.80,50.60,11.98,4.92
315173,69.90,7.00,35.80,50.60,11.96,4.85
315407,70.10,6.90,35.90,50.40,11.83,4.85
315663,70.10,6.90,35.90,50.40,12.05,4.85
315892,70.10,6.90,35.90,50.40,12.03,4.85
316119,70.10,6.90,35.90,50.40,11.96,4.78
316345,70.10,6.90,35.90,50.40,12.03,4.85
316572,70.10,6.90,35.90,50.40,12.00,5.00
316798,70.10,6.90,35.90,50.40,12.03,4.92
317025,70.10,6.90,35.90,50.40,12.03,4.92
317251,70.10,6.90,35.90,50.40,12.03,4.85
317486,70.30,6.90,36.00,50.20,11.86,4.85
317712,70.30,6.90,36.00,50.20,12.03,4.85
317938,70.30,6.90,36.00,50.20,12.05,4.92
318164,70.30,6.90,36.00,50.20,12.05,4.85
318391,70.30,6.90,36.00,50.20,11.76,4.85
318620,70.30,6.90,36.00,50.20,11.96,4.85
318846,70.30,6.90,36.00,50.20,11.93,4.78
319073,70.30,6.90,36.00,50.20,12.05,4.85
319299,70.30,6.90,36.00,50.20,12.05,4.78
319534,70.40,6.70,36.10,49.90,11.79,4.92
319760,70.40,6.70,36.10,49.90,12.00,4.92
319986,70.40,6.70,36.10,49.90,12.03,4.92
320212,70.40,6.70,36.10,49.90,12.00,4.92
320439,70.40,6.70,36.10,49.90,12.10,4.85
320665,70.40,6.70,36.10,49.90,12.05,4.85
320932,70.40,6.70,36.10,49.90,11.96,4.85
321159,70.40,6.70,36.10,49.90,11.98,4.92
321388,70.40,6.70,36.10,49.90,11.86,4.85
321620,70.60,6.50,36.20,49.70,11.76,4.85
321848,70.60,6.50,36.20,49.70,12.00,4.92
322074,70.60,6.50,36.20,49.70,11.96,4.92
322300,70.60,6.50,36.20,49.70,12.00,4.85
322527,70.60,6.50,36.20,49.70,11.98,4.92
322753,70.60,6.50,36.20,49.70,11.98,4.85
322979,70.60,6.50,36.20,49.70,12.00,4.85
323206,70.60,6.50,36.20,49.70,11.98,4.85
323432,70.60,6.50,36.20,49.70,11.96,4.85
323665,70.80,6.30,36.40,49.50,11.81,4.78
323892,70.80,6.30,36.40,49.50,11.93,4.85
324121,70.80,6.30,36.40,49.50,11.98,4.78
324347,70.80,6.30,36.40,49.50,11.98,4.92
324574,70.80,6.30,36.40,49.50,12.00,4.78
324800,70.80,6.30,36.40,49.50,11.98,4.92
325026,70.80,6.30,36.40,49.50,11.98,4.85
325253,70.80,6.30,36.40,49.50,11.98,4.85
325479,70.80,6.30,36.40,49.50,12.00,4.85
325712,70.90,5.90,36.50,49.20,11.83,4.85
325939,70.90,5.90,36.50,49.20,12.00,4.85
326165,70.90,5.90,36.50,49.20,11.98,4.85
326391,70.90,5.90,36.50,49.20,11.98,4.85
326648,70.90,5.90,36.50,49.20,12.05,4.92
326877,70.90,5.90,36.50,49.20,12.03,4.85
327104,70.90,5.90,36.50,49.20,12.00,4.92
327330,70.90,5.90,36.50,49.20,11.88,4.92
327557,70.90,5.90,36.50,49.20,11.96,4.85
327790,71.10,5.80,36.60,49.00,11.76,4.92
328016,71.10,5.80,36.60,49.00,12.03,4.85
328243,71.10,5.80,36.60,49.00,11.98,4.78
328469,71.10,5.80,36.60,49.00,11.91,4.85
328695,71.10,5.80,36.60,49.00,11.96,4.92
328922,71.10,5.80,36.60,49.00,11.98,4.92
329148,71.10,5.80,36.60,49.00,11.96,4.92
329374,71.10,5.80,36.60,49.00,11.98,4.92
329602,71.10,5.80,36.60,49.00,11.98,4.78
329837,71.10,5.60,36.70,48.80,11.81,4.85
330063,71.10,5.60,36.70,48.80,12.05,4.92
330290,71.10,5.60,36.70,48.80,12.00,4.85
330516,71.10,5.60,36.70,48.80,12.13,4.92
330742,71.10,5.60,36.70,48.80,12.18,4.85
330969,71.10,5.60,36.70,48.80,12.13,4.92
331195,71.10,5.60,36.70,48.80,12.05,4.85
331422,71.10,5.60,36.70,48.80,12.08,4.78
331649,71.10,5.60,36.70,48.80,12.05,4.85
331911,71.30,5.30,36.80,48.50,11.86,4.85
332137,71.30,5.30,36.80,48.50,11.98,4.85
332363,71.30,5.30,36.80,48.50,11.98,4.85
332592,71.30,5.30,36.80,48.50,12.03,4.78
332819,71.30,5.30,36.80,48.50,12.08,4.85
333045,71.30,5.30,36.80,48.50,12.05,4.85
333272,71.30,5.30,36.80,48.50,12.05,4.85
333498,71.30,5.30,36.80,48.50,12.08,4.85
333724,71.30,5.30,36.80,48.50,12.13,4.92
333957,71.50,5.00,37.00,48.40,11.93,4.92
334183,71.50,5.00,37.00,48.40,12.18,4.78
334409,71.50,5.00,37.00,48.40,12.08,4.92
334636,71.50,5.00,37.00,48.40,12.08,4.92
334862,71.50,5.00,37.00,48.40,12.10,4.85
335088,71.50,5.00,37.00,48.40,12.05,4.85
335318,71.50,5.00,37.00,48.40,12.05,4.85
335544,71.50,5.00,37.00,48.40,12.05,4.78
335770,71.50,5.00,37.00,48.40,11.98,4.78
336004,71.60,4.70,37.10,48.20,11.79,4.85
336230,71.60,4.70,37.10,48.20,11.98,4.92
336456,71.60,4.70,37.10,48.20,11.98,4.85
336683,71.60,4.70,37.10,48.20,11.96,4.78
336909,71.60,4.70,37.10,48.20,11.98,4.85
337135,71.60,4.70,37.10,48.20,11.96,4.85
337361,71.60,4.70,37.10,48.20,11.98,4.85
337617,71.60,4.70,37.10,48.20,11.96,4.85
337844,71.60,4.70,37.10,48.20,11.96,4.85
338080,71.80,4.50,37.20,47.90,11.83,4.78
338307,71.80,4.50,37.20,47.90,11.98,4.92
338533,71.80,4.50,37.20,47.90,11.96,4.85
338759,71.80,4.50,37.20,47.90,11.98,4.85
338985,71.80,4.50,37.20,47.90,11.88,4.85
339212,71.80,4.50,37.20,47.90,11.83,4.85
339438,71.80,4.50,37.20,47.90,11.83,4.92
339664,71.80,4.50,37.20,47.90,11.83,4.78
339891,71.80,4.50,37.20,47.90,11.88,4.85
340124,72.00,4.20,37.30,47.70,11.76,4.92
340350,72.00,4.20,37.30,47.70,11.96,4.85
340577,72.00,4.20,37.30,47.70,11.93,4.85
340806,72.00,4.20,37.30,47.70,11.93,4.78
341032,72.00,4.20,37.30,47.70,11.93,4.85
341259,72.00,4.20,37.30,47.70,11.88,4.92
341485,72.00,4.20,37.30,47.70,11.88,4.85
341711,72.00,4.20,37.30,47.70,11.86,4.85
341938,72.00,4.20,37.30,47.70,11.83,4.92
342171,72.10,3.80,37.50,47.50,11.71,4.92
342397,72.10,3.80,37.50,47.50,11.88,4.78
342624,72.10,3.80,37.50,47.50,11.91,4.85
342879,72.10,3.80,37.50,47.50,11.83,4.85
343105,72.10,3.80,37.50,47.50,12.05,4.85
343331,72.10,3.80,37.50,47.50,11.93,4.85
343561,72.10,3.80,37.50,47.50,12.00,4.85
343787,72.10,3.80,37.50,47.50,12.05,4.85
344013,72.10,3.80,37.50,47.50,11.96,4.85
344247,72.30,3.90,37.60,47.20,11.66,4.85
344473,72.30,3.90,37.60,47.20,11.93,4.92
344699,72.30,3.90,37.60,47.20,11.96,4.78
344926,72.30,3.90,37.60,47.20,11.96,4.85
345152,72.30,3.90,37.60,47.20,11.91,4.78
345378,72.30,3.90,37.60,47.20,11.93,4.85
345605,72.30,3.90,37.60,47.20,11.91,4.92
345832,72.30,3.90,37.60,47.20,11.88,4.85
346058,72.30,3.90,37.60,47.20,11.86,4.92
346291,72.50,4.00,37.70,47.00,11.69,4.85
346520,72.50,4.00,37.70,47.00,11.79,4.92
346746,72.50,4.00,37.70,47.00,11.88,4.78
346973,72.50,4.00,37.70,47.00,11.88,4.85
347199,72.50,4.00,37.70,47.00,11.91,4.85
347425,72.50,4.00,37.70,47.00,11.91,4.85
347652,72.50,4.00,37.70,47.00,11.91,4.85
347878,72.50,4.00,37.70,47.00,11.93,4.78
348104,72.50,4.00,37.70,47.00,11.88,4.85
348338,72.50,4.00,37.80,46.80,11.74,4.85
348594,72.50,4.00,37.80,46.80,11.96,4.85
348820,72.50,4.00,37.80,46.80,11.91,4.85
349047,72.50,4.00,37.80,46.80,11.88,4.85
349276,72.50,4.00,37.80,46.80,11.93,4.92
349502,72.50,4.00,37.80,46.80,11.96,4.92
349729,72.50,4.00,37.80,46.80,11.93,4.85
349956,72.50,4.00,37.80,46.80,11.93,4.85
350182,72.50,4.00,37.80,46.80,11.96,4.85
350414,72.70,4.10,37.90,46.50,11.76,4.85
350642,72.70,4.10,37.90,46.50,11.96,4.85
350868,72.70,4.10,37.90,46.50,11.88,4.85
351094,72.70,4.10,37.90,46.50,11.86,4.85
351321,72.70,4.10,37.90,46.50,11.91,4.92
351547,72.70,4.10,37.90,46.50,11.86,4.85
351773,72.70,4.10,37.90,46.50,11.88,4.85
352010,72.70,4.10,37.90,46.50,11.86,4.85
352237,72.70,4.10,37.90,46.50,11.86,4.92
352471,72.90,4.20,38.10,46.30,11.69,4.85
352697,72.90,4.20,38.10,46.30,11.91,4.85
352923,72.90,4.20,38.10,46.30,11.86,4.85
353149,72.90,4.20,38.10,46.30,11.88,4.92
353377,72.90,4.20,38.10,46.30,11.83,4.92
353631,72.90,4.20,38.10,46.30,11.88,4.85
353858,72.90,4.20,38.10,46.30,11.88,4.85
354084,72.90,4.20,38.10,46.30,11.96,4.85
354311,72.90,4.20,38.10,46.30,11.88,4.85
354545,73.10,4.30,38.20,46.10,11.76,4.78
354775,73.10,4.30,38.20,46.10,11.98,4.85
355001,73.10,4.30,38.20,46.10,11.86,4.85
355227,73.10,4.30,38.20,46.10,11.88,4.85
355453,73.10,4.30,38.20,46.10,11.88,4.85
355680,73.10,4.30,38.20,46.10,11.91,4.78
355907,73.10,4.30,38.20,46.10,11.91,4.85
356133,73.10,4.30,38.20,46.10,11.91,4.85
356360,73.10,4.30,38.20,46.10,12.00,4.92
356593,73.20,4.30,38.30,45.80,11.76,4.85
356819,73.20,4.30,38.30,45.80,12.03,4.85
357046,73.20,4.30,38.30,45.80,11.91,4.70
357272,73.20,4.30,38.30,45.80,11.88,4.85
357501,73.20,4.30,38.30,45.80,11.91,4.85
357729,73.20,4.30,38.30,45.80,11.91,4.92
357955,73.20,4.30,38.30,45.80,11.91,4.85
358181,73.20,4.30,38.30,45.80,11.93,4.92
358408,73.20,4.30,38.30,45.80,11.96,4.85
358641,73.40,4.00,38.40,45.60,11.74,4.85
358868,73.40,4.00,38.40,45.60,11.96,4.85
359095,73.40,4.00,38.40,45.60,11.86,4.85
359351,73.40,4.00,38.40,45.60,11.96,4.85
359577,73.40,4.00,38.40,45.60,11.91,4.85
359803,73.40,4.00,38.40,45.60,11.91,4.78
360030,73.40,4.00,38.40,45.60,11.86,4.85
360256,73.40,4.00,38.40,45.60,11.86,4.85
360485,73.40,4.00,38.40,45.60,11.88,4.85
360719,73.40,3.50,38.50,45.40,11.71,4.85
360945,73.40,3.50,38.50,45.40,11.93,4.92
361171,73.40,3.50,38.50,45.40,11.91,4.92
361398,73.40,3.50,38.50,45.40,11.91,4.92
361624,73.40,3.50,38.50,45.40,11.93,4.85
361851,73.40,3.50,38.50,45.40,11.91,4.92
362078,73.40,3.50,38.50,45.40,11.93,4.78
362304,73.40,3.50,38.50,45.40,11.93,4.85
362530,73.40,3.50,38.50,45.40,11.91,4.85
362764,73.60,3.50,38.70,45.20,11.71,4.92
362990,73.60,3.50,38.70,45.20,11.96,4.85
363219,73.60,3.50,38.70,45.20,11.91,4.85
363446,73.60,3.50,38.70,45.20,11.93,4.85
363672,73.60,3.50,38.70,45.20,11.93,4.85
363898,73.60,3.50,38.70,45.20,11.93,4.85
364125,73.60,3.50,38.70,45.20,11.91,4.85
364352,73.60,3.50,38.70,45.20,11.93,4.85
364578,73.60,3.50,38.70,45.20,11.93,4.85
364838,73.80,3.30,38.80,45.00,11.71,4.85
365066,73.80,3.30,38.80,45.00,11.96,4.85
365292,73.80,3.30,38.80,45.00,11.96,4.78
365518,73.80,3.30,38.80,45.00,11.93,4.85
365745,73.80,3.30,38.80,45.00,12.00,4.85
365974,73.80,3.30,38.80,45.00,11.93,4.78
366200,73.80,3.30,38.80,45.00,12.00,4.78
366427,73.80,3.30,38.80,45.00,11.98,4.85
366653,73.80,3.30,38.80,45.00,11.96,4.92
366886,74.00,3.20,38.90,44.80,11.79,4.85
367113,74.00,3.20,38.90,44.80,11.98,4.92
367339,74.00,3.20,38.90,44.80,11.91,4.85
367565,74.00,3.20,38.90,44.80,12.03,4.92
367792,74.00,3.20,38.90,44.80,12.05,4.85
368018,74.00,3.20,38.90,44.80,11.93,4.85
368245,74.00,3.20,38.90,44.80,11.96,4.85
368472,74.00,3.20,38.90,44.80,11.96,4.85
368701,74.00,3.20,38.90,44.80,12.00,4.85
368933,74.00,2.80,39.00,44.60,11.76,4.85
369160,74.00,2.80,39.00,44.60,12.00,4.92
369386,74.00,2.80,39.00,44.60,12.00,4.92
369613,74.00,2.80,39.00,44.60,11.88,4.85
369840,74.00,2.80,39.00,44.60,11.88,4.92
370066,74.00,2.80,39.00,44.60,11.91,4.85
370322,74.00,2.80,39.00,44.60,11.91,4.85
370548,74.00,2.80,39.00,44.60,11.88,4.85
370775,74.00,2.80,39.00,44.60,11.91,4.85
371009,74.20,2.60,39.10,44.40,11.74,4.78
371235,74.20,2.60,39.10,44.40,11.93,4.85
371465,74.20,2.60,39.10,44.40,11.93,4.85
371691,74.20,2.60,39.10,44.40,11.96,4.85
371917,74.20,2.60,39.10,44.40,11.96,4.85
372144,74.20,2.60,39.10,44.40,11.88,4.85
372370,74.20,2.60,39.10,44.40,11.88,4.85
372596,74.20,2.60,39.10,44.40,11.91,4.85
372824,74.20,2.60,39.10,44.40,11.93,4.85
373056,74.40,2.50,39.20,44.20,11.74,4.78
373282,74.40,2.50,39.20,44.20,11.93,4.92
373509,74.40,2.50,39.20,44.20,11.96,4.85
373736,74.40,2.50,39.20,44.20,11.91,4.85
373962,74.40,2.50,39.20,44.20,11.93,4.78
374189,74.40,2.50,39.20,44.20,11.93,4.85
374418,74.40,2.50,39.20,44.20,11.91,5.00
374644,74.40,2.50,39.20,44.20,11.88,4.85
374871,74.40,2.50,39.20,44.20,11.86,4.78
375105,74.40,2.30,39.30,44.00,11.69,4.85
375331,74.40,2.30,39.30,44.00,11.88,4.85
375558,74.40,2.30,39.30,44.00,11.88,4.85
375813,74.40,2.30,39.30,44.00,11.93,4.85
376039,74.40,2.30,39.30,44.00,11.91,4.85
376265,74.40,2.30,39.30,44.00,11.86,4.92
376492,74.40,2.30,39.30,44.00,11.86,4.85
376718,74.40,2.30,39.30,44.00,11.88,4.85
376944,74.40,2.30,39.30,44.00,11.86,4.85
377181,74.50,2.20,39.40,43.70,11.64,4.85
377408,74.50,2.20,39.40,43.70,11.88,4.85
377634,74.50,2.20,39.40,43.70,11.83,4.85
377861,74.50,2.20,39.40,43.70,11.86,4.85
378087,74.50,2.20,39.40,43.70,11.88,4.92
378313,74.50,2.20,39.40,43.70,11.91,4.85
378540,74.50,2.20,39.40,43.70,11.88,4.85
378767,74.50,2.20,39.40,43.70,11.86,4.92
378993,74.50,2.20,39.40,43.70,11.91,4.85
379227,74.80,2.20,39.50,43.60,11.69,4.85
379453,74.80,2.20,39.50,43.60,11.86,4.85
379680,74.80,2.20,39.50,43.60,11.86,4.92
379909,74.80,2.20,39.50,43.60,11.88,4.92
380136,74.80,2.20,39.50,43.60,11.93,4.85
380362,74.80,2.20,39.50,43.60,11.91,4.85
380589,74.80,2.20,39.50,43.60,11.83,4.92
380815,74.80,2.20,39.50,43.60,11.81,4.85
381041,74.80,2.20,39.50,43.60,11.81,4.85
381275,74.80,1.90,39.60,43.40,11.66,4.78
381531,74.80,1.90,39.60,43.40,11.88,4.85
381757,74.80,1.90,39.60,43.40,11.86,4.85
381983,74.80,1.90,39.60,43.40,11.91,4.85
382210,74.80,1.90,39.60,43.40,11.86,4.85
382437,74.80,1.90,39.60,43.40,11.83,4.92
382665,74.80,1.90,39.60,43.40,11.91,4.85
382893,74.80,1.90,39.60,43.40,11.88,4.85
383119,74.80,1.90,39.60,43.40,11.91,4.85
383351,74.90,2.10,39.70,43.20,11.69,4.85
383579,74.90,2.10,39.70,43.20,11.93,4.78
383805,74.90,2.10,39.70,43.20,11.88,4.85
384031,74.90,2.10,39.70,43.20,11.88,4.85
384258,74.90,2.10,39.70,43.20,11.91,4.85
384484,74.90,2.10,39.70,43.20,11.93,4.92
384710,74.90,2.10,39.70,43.20,11.98,4.85
384937,74.90,2.10,39.70,43.20,11.91,4.85
385164,74.90,2.10,39.70,43.20,11.98,4.85
385399,75.10,1.90,39.80,43.00,11.64,4.85
385626,75.10,1.90,39.80,43.00,11.76,4.85
385853,75.10,1.90,39.80,43.00,11.83,4.78
386079,75.10,1.90,39.80,43.00,11.83,4.85
386306,75.10,1.90,39.80,43.00,11.86,4.85
386532,75.10,1.90,39.80,43.00,11.88,4.85
386758,75.10,1.90,39.80,43.00,11.88,4.78
387013,75.10,1.90,39.80,43.00,11.83,4.85
387239,75.10,1.90,39.80,43.00,11.88,4.85
387474,75.10,1.70,40.00,42.80,11.71,4.85
387700,75.10,1.70,40.00,42.80,11.91,4.92
387927,75.10,1.70,40.00,42.80,11.88,4.85
388153,75.10,1.70,40.00,42.80,11.86,4.78
388382,75.10,1.70,40.00,42.80,11.88,4.85
388609,75.10,1.70,40.00,42.80,11.81,4.85
388835,75.10,1.70,40.00,42.80,11.83,4.85
389061,75.10,1.70,40.00,42.80,11.83,4.85
389287,75.10,1.70,40.00,42.80,11.88,4.85
389521,75.30,1.50,40.10,42.60,11.64,4.85
389747,75.30,1.50,40.10,42.60,11.81,4.78
389974,75.30,1.50,40.10,42.60,11.88,4.78
390200,75.30,1.50,40.10,42.60,11.86,4.85
390427,75.30,1.50,40.10,42.60,11.91,4.85
390653,75.30,1.50,40.10,42.60,11.88,4.92
390880,75.30,1.50,40.10,42.60,11.86,4.92
391109,75.30,1.50,40.10,42.60,11.81,4.85
391335,75.30,1.50,40.10,42.60,11.86,4.85
391568,75.30,1.20,40.20,42.40,11.66,4.78
391794,75.30,1.20,40.20,42.40,11.88,4.85
392020,75.30,1.20,40.20,42.40,11.86,4.78
392247,75.30,1.20,40.20,42.40,11.91,4.85
392503,75.30,1.20,40.20,42.40,11.88,4.85
392729,75.30,1.20,40.20,42.40,11.86,4.85
392955,75.30,1.20,40.20,42.40,11.83,5.00
393182,75.30,1.20,40.20,42.40,11.81,4.85
393409,75.30,1.20,40.20,42.40,11.91,4.85
393641,75.50,1.20,40.20,42.20,11.66,4.78
393871,75.50,1.20,40.20,42.20,11.96,4.70
394097,75.50,1.20,40.20,42.20,11.93,4.78
394323,75.50,1.20,40.20,42.20,11.88,4.85
394550,75.50,1.20,40.20,42.20,11.88,4.85
394776,75.50,1.20,40.20,42.20,11.91,4.85
395002,75.50,1.20,40.20,42.20,11.91,4.78
395230,75.50,1.20,40.20,42.20,11.91,4.85
395456,75.50,1.20,40.20,42.20,11.88,4.85
395688,75.70,1.00,40.40,42.00,11.69,4.78
395915,75.70,1.00,40.40,42.00,11.93,4.78
396141,75.70,1.00,40.40,42.00,11.91,4.85
396368,75.70,1.00,40.40,42.00,11.88,4.92
396597,75.70,1.00,40.40,42.00,11.86,4.92
396823,75.70,1.00,40.40,42.00,11.91,4.85
397050,75.70,1.00,40.40,42.00,11.88,4.85
397277,75.70,1.00,40.40,42.00,11.91,4.85
397503,75.70,1.00,40.40,42.00,11.86,4.78
397735,75.80,1.00,40.50,41.90,11.69,4.78
397990,75.80,1.00,40.50,41.90,11.91,4.85
398217,75.80,1.00,40.50,41.90,11.88,4.85
398443,75.80,1.00,40.50,41.90,11.91,4.78
398669,75.80,1.00,40.50,41.90,11.86,4.78
398897,75.80,1.00,40.50,41.90,11.88,4.85
399123,75.80,1.00,40.50,41.90,11.86,4.92
399351,75.80,1.00,40.50,41.90,11.86,4.85
399579,75.80,1.00,40.50,41.90,11.88,4.85
399811,75.90,1.00,40.60,41.70,11.61,4.85
400037,75.90,1.00,40.60,41.70,11.88,4.85
400264,75.90,1.00,40.60,41.70,11.91,4.78
400490,75.90,1.00,40.60,41.70,11.86,4.85
400717,75.90,1.00,40.60,41.70,11.81,4.85
400944,75.90,1.00,40.60,41.70,11.81,4.92
401170,75.90,1.00,40.60,41.70,11.81,4.85
401396,75.90,1.00,40.60,41.70,11.86,4.85
401623,75.90,1.00,40.60,41.70,11.86,4.92
401857,76.20,1.00,40.80,41.50,11.69,4.85
402086,76.20,1.00,40.80,41.50,11.79,4.85
402313,76.20,1.00,40.80,41.50,12.00,4.78
402539,76.20,1.00,40.80,41.50,11.98,4.85
402765,76.20,1.00,40.80,41.50,11.83,4.78
402992,76.20,1.00,40.80,41.50,11.96,4.85
403218,76.20,1.00,40.80,41.50,11.88,4.92
403444,76.20,1.00,40.80,41.50,11.83,4.78
403700,76.20,1.00,40.80,41.50,11.93,4.78
403935,76.40,1.00,40.90,41.30,11.79,4.85
404161,76.40,1.00,40.90,41.30,12.05,4.85
404387,76.40,1.00,40.90,41.30,12.03,4.92
404614,76.40,1.00,40.90,41.30,11.96,4.92
404840,76.40,1.00,40.90,41.30,11.98,4.85
405069,76.40,1.00,40.90,41.30,11.98,4.92
405296,76.40,1.00,40.90,41.30,12.00,4.92
405522,76.40,1.00,40.90,41.30,12.00,4.85
405748,76.40,1.00,40.90,41.30,11.98,4.85
405983,76.40,1.00,41.00,41.20,11.69,4.85
406209,76.40,1.00,41.00,41.20,12.00,4.85
406435,76.40,1.00,41.00,41.20,11.86,4.78
406662,76.40,1.00,41.00,41.20,12.00,4.85
406888,76.40,1.00,41.00,41.20,11.91,4.78
407114,76.40,1.00,41.00,41.20,11.98,4.85
407341,76.40,1.00,41.00,41.20,11.98,4.85
407567,76.40,1.00,41.00,41.20,11.93,4.70
407796,76.40,1.00,41.00,41.20,11.91,4.92
408031,76.60,1.00,41.10,41.00,11.71,4.85
408257,76.60,1.00,41.10,41.00,11.93,4.85
408483,76.60,1.00,41.10,41.00,11.93,4.92
408710,76.60,1.00,41.10,41.00,11.93,4.85
408936,76.60,1.00,41.10,41.00,11.93,4.85
409191,76.60,1.00,41.10,41.00,11.91,4.85
409417,76.60,1.00,41.10,41.00,11.91,4.92
409645,76.60,1.00,41.10,41.00,11.91,4.85
409871,76.60,1.00,41.10,41.00,11.83,4.85
410103,76.50,1.00,41.20,40.80,11.71,4.85
410330,76.50,1.00,41.20,40.80,12.00,4.92
410559,76.50,1.00,41.20,40.80,12.00,4.85
410785,76.50,1.00,41.20,40.80,11.98,4.92
411012,76.50,1.00,41.20,40.80,11.91,4.85
411238,76.50,1.00,41.20,40.80,11.96,4.85
411465,76.50,1.00,41.20,40.80,11.98,4.85
411692,76.50,1.00,41.20,40.80,11.96,4.85
411918,76.50,1.00,41.20,40.80,12.00,4.85
412150,76.80,1.00,41.30,40.60,11.79,4.92
412377,76.80,1.00,41.30,40.60,12.08,4.85
412603,76.80,1.00,41.30,40.60,11.96,4.78
412829,76.80,1.00,41.30,40.60,11.93,4.85
413057,76.80,1.00,41.30,40.60,12.05,4.92
413285,76.80,1.00,41.30,40.60,11.98,4.85
413511,76.80,1.00,41.30,40.60,12.08,4.78
413737,76.80,1.00,41.30,40.60,12.03,4.85
413965,76.80,1.00,41.30,40.60,11.98,4.85
414197,77.00,1.00,41.40,40.40,11.49,4.85
414424,77.00,1.00,41.40,40.40,11.76,4.85
414679,77.00,1.00,41.40,40.40,11.76,4.92
414905,77.00,1.00,41.40,40.40,11.81,4.85
415131,77.00,1.00,41.40,40.40,11.81,4.85
415358,77.00,1.00,41.40,40.40,11.81,4.78
415585,77.00,1.00,41.40,40.40,11.76,4.85
415811,77.00,1.00,41.40,40.40,11.79,4.78
416040,77.00,1.00,41.40,40.40,11.74,4.78
416273,77.00,1.00,41.50,40.20,11.47,4.85
416499,77.00,1.00,41.50,40.20,11.69,4.78
416726,77.00,1.00,41.50,40.20,11.69,4.85
416952,77.00,1.00,41.50,40.20,11.69,4.78
417179,77.00,1.00,41.50,40.20,11.71,4.85
417405,77.00,1.00,41.50,40.20,11.71,4.85
417632,77.00,1.00,41.50,40.20,11.74,4.92
417858,77.00,1.00,41.50,40.20,11.71,4.85
418084,77.00,1.00,41.50,40.20,11.69,4.85
418317,77.20,1.00,41.60,40.00,11.52,4.85
418543,77.20,1.00,41.60,40.00,11.79,4.85
418769,77.20,1.00,41.60,40.00,11.76,4.92
418999,77.20,1.00,41.60,40.00,11.76,4.85
419225,77.20,1.00,41.60,40.00,11.76,4.92
419451,77.20,1.00,41.60,40.00,11.76,4.85
419678,77.20,1.00,41.60,40.00,11.54,4.85
419904,77.20,1.00,41.60,40.00,11.71,4.78
420159,77.20,1.00,41.60,40.00,11.57,4.85
420392,77.40,1.00,41.70,39.70,11.49,4.78
420620,77.40,1.00,41.70,39.70,11.79,4.85
420846,77.40,1.00,41.70,39.70,11.71,4.85
421072,77.40,1.00,41.70,39.70,11.66,4.78
421299,77.40,1.00,41.70,39.70,11.69,4.85
421525,77.40,1.00,41.70,39.70,11.61,4.85
421754,77.40,1.00,41.70,39.70,11.71,4.85
421981,77.40,1.00,41.70,39.70,11.71,4.85
422207,77.40,1.00,41.70,39.70,11.66,4.92
422439,77.40,1.00,41.80,39.60,11.57,4.85
422666,77.40,1.00,41.80,39.60,11.59,4.85
422892,77.40,1.00,41.80,39.60,11.57,4.85
423118,77.40,1.00,41.80,39.60,11.57,4.92
423345,77.40,1.00,41.80,39.60,11.59,4.85
423572,77.40,1.00,41.80,39.60,11.61,4.85
423798,77.40,1.00,41.80,39.60,11.69,4.92
424025,77.40,1.00,41.80,39.60,11.61,4.85
424251,77.40,1.00,41.80,39.60,11.69,4.85
424486,77.60,1.00,41.90,39.50,11.44,4.85
424713,77.60,1.00,41.90,39.50,11.71,4.78
424939,77.60,1.00,41.90,39.50,11.57,4.85
425165,77.60,1.00,41.90,39.50,11.71,4.85
425392,77.60,1.00,41.90,39.50,11.61,4.85
425618,77.60,1.00,41.90,39.50,11.64,4.85
425874,77.60,1.00,41.90,39.50,11.66,4.85
426100,77.60,1.00,41.90,39.50,11.69,4.92
426327,77.60,1.00,41.90,39.50,11.69,4.78
426559,77.60,1.00,42.00,39.30,11.54,4.85
426785,77.60,1.00,42.00,39.30,11.74,4.85
427012,77.60,1.00,42.00,39.30,11.69,4.92
427241,77.60,1.00,42.00,39.30,11.71,4.85
427467,77.60,1.00,42.00,39.30,11.71,4.78
427694,77.60,1.00,42.00,39.30,11.71,4.92
427920,77.60,1.00,42.00,39.30,11.71,4.78
428147,77.60,1.00,42.00,39.30,11.71,4.78
428374,77.60,1.00,42.00,39.30,11.74,4.85
428606,77.80,1.00,42.10,39.10,11.52,4.85
428832,77.80,1.00,42.10,39.10,11.83,4.85
429059,77.80,1.00,42.10,39.10,11.54,4.92
429285,77.80,1.00,42.10,39.10,11.71,4.85
429511,77.80,1.00,42.10,39.10,11.54,4.85
429739,77.80,1.00,42.10,39.10,11.64,4.70
429967,77.80,1.00,42.10,39.10,11.64,4.85
430193,77.80,1.00,42.10,39.10,11.61,4.85
430420,77.80,1.00,42.10,39.10,11.69,4.85
430653,77.80,1.00,42.20,39.00,11.59,4.85
430879,77.80,1.00,42.20,39.00,11.79,4.85
431106,77.80,1.00,42.20,39.00,11.74,4.85
431361,77.80,1.00,42.20,39.00,11.74,4.85
431587,77.80,1.00,42.20,39.00,11.74,4.85
431813,77.80,1.00,42.20,39.00,11.74,4.92
432039,77.80,1.00,42.20,39.00,11.71,4.92
432266,77.80,1.00,42.20,39.00,11.59,4.78
432492,77.80,1.00,42.20,39.00,11.79,4.78
432727,77.80,1.00,42.30,38.90,11.49,4.92
432955,77.80,1.00,42.30,38.90,11.79,4.78
433181,77.80,1.00,42.30,38.90,11.69,4.85
433409,77.80,1.00,42.30,38.90,11.79,4.85
433635,77.80,1.00,42.30,38.90,11.71,4.85
433861,77.80,1.00,42.30,38.90,11.64,4.85
434087,77.80,1.00,42.30,38.90,11.66,4.85
434314,77.80,1.00,42.30,38.90,11.79,4.85
434540,77.80,1.00,42.30,38.90,11.74,4.85
434774,78.00,1.00,42.40,38.70,11.52,4.78
435000,78.00,1.00,42.40,38.70,11.74,4.92
435226,78.00,1.00,42.40,38.70,11.71,4.85
435452,78.00,1.00,42.40,38.70,11.64,4.78
435682,78.00,1.00,42.40,38.70,11.66,4.85
435908,78.00,1.00,42.40,38.70,11.64,4.78
436134,78.00,1.00,42.40,38.70,11.64,4.85
436361,78.00,1.00,42.40,38.70,11.66,4.85
436587,78.00,1.00,42.40,38.70,11.71,4.78
436849,78.00,1.00,42.50,38.50,11.57,4.92
437075,78.00,1.00,42.50,38.50,11.74,4.85
437302,78.00,1.00,42.50,38.50,11.71,4.85
437528,78.00,1.00,42.50,38.50,11.74,4.85
437754,78.00,1.00,42.50,38.50,11.69,4.78
437981,78.00,1.00,42.50,38.50,11.64,4.85
438207,78.00,1.00,42.50,38.50,11.66,4.92
438436,78.00,1.00,42.50,38.50,11.69,4.85
438663,78.00,1.00,42.50,38.50,11.66,4.85
438896,78.30,1.00,42.60,38.40,11.49,4.85
439122,78.30,1.00,42.60,38.40,11.69,4.85
439349,78.30,1.00,42.60,38.40,11.69,4.85
439575,78.30,1.00,42.60,38.40,11.69,4.78
439801,78.30,1.00,42.60,38.40,11.66,4.85
440028,78.30,1.00,42.60,38.40,11.66,4.92
440254,78.30,1.00,42.60,38.40,11.64,4.85
440480,78.30,1.00,42.60,38.40,11.66,4.85
440707,78.30,1.00,42.60,38.40,11.64,4.78
440940,78.30,1.00,42.70,38.20,11.47,4.78
441169,78.30,1.00,42.70,38.20,11.71,4.85
441396,78.30,1.00,42.70,38.20,11.64,4.92
441622,78.30,1.00,42.70,38.20,11.64,4.85
441848,78.30,1.00,42.70,38.20,11.69,4.85
442076,78.30,1.00,42.70,38.20,11.74,4.85
442331,78.30,1.00,42.70,38.20,11.69,4.85
442557,78.30,1.00,42.70,38.20,11.74,4.85
442783,78.30,1.00,42.70,38.20,11.69,4.92
443017,78.50,1.00,42.80,38.00,11.52,4.85
443243,78.50,1.00,42.80,38.00,11.76,4.85
443469,78.50,1.00,42.80,38.00,11.74,4.78
443697,78.50,1.00,42.80,38.00,11.69,4.85
443926,78.50,1.00,42.80,38.00,11.69,4.85
444152,78.50,1.00,42.80,38.00,11.71,4.78
444379,78.50,1.00,42.80,38.00,11.76,4.92
444605,78.50,1.00,42.80,38.00,11.74,4.92
444831,78.50,1.00,42.80,38.00,11.76,4.85
445065,78.50,1.00,42.80,37.80,11.54,4.85
445291,78.50,1.00,42.80,37.80,11.76,4.92
445517,78.50,1.00,42.80,37.80,11.79,4.85
445745,78.50,1.00,42.80,37.80,11.79,4.85
445971,78.50,1.00,42.80,37.80,11.71,4.78
446197,78.50,1.00,42.80,37.80,11.69,4.85
446424,78.50,1.00,42.80,37.80,11.66,4.85
446650,78.50,1.00,42.80,37.80,11.66,4.78
446879,78.50,1.00,42.80,37.80,11.69,4.78
447113,78.50,1.00,43.00,37.70,11.47,4.85
447339,78.50,1.00,43.00,37.70,11.71,4.92
447565,78.50,1.00,43.00,37.70,11.69,4.85
447792,78.50,1.00,43.00,37.70,11.74,4.92
448074,78.50,1.00,43.00,37.70,11.64,5.00
448302,78.50,1.00,43.00,37.70,11.66,4.85
448528,78.50,1.00,43.00,37.70,11.69,4.85
448754,78.50,1.00,43.00,37.70,11.69,4.92
448980,78.50,1.00,43.00,37.70,11.66,4.78
449215,78.70,1.00,43.00,37.50,11.35,4.85
449441,78.70,1.00,43.00,37.50,11.54,4.92
449671,78.70,1.00,43.00,37.50,11.66,4.85
449897,78.70,1.00,43.00,37.50,11.69,4.85
450123,78.70,1.00,43.00,37.50,11.69,4.85
450350,78.70,1.00,43.00,37.50,11.69,4.85
450576,78.70,1.00,43.00,37.50,11.69,4.85
450803,78.70,1.00,43.00,37.50,11.69,4.78
451030,78.70,1.00,43.00,37.50,11.74,4.85
451262,78.70,1.00,43.10,37.40,11.52,4.78
451489,78.70,1.00,43.10,37.40,11.74,4.85
451716,78.70,1.00,43.10,37.40,11.59,4.92
451942,78.70,1.00,43.10,37.40,11.61,4.92
452168,78.70,1.00,43.10,37.40,11.69,4.78
452398,78.70,1.00,43.10,37.40,11.66,4.85
452624,78.70,1.00,43.10,37.40,11.66,4.85
452850,78.70,1.00,43.10,37.40,11.64,4.92
453076,78.70,1.00,43.10,37.40,11.66,4.78
453340,79.00,1.00,43.20,37.20,11.42,4.85
453566,79.00,1.00,43.20,37.20,11.71,4.85
453792,79.00,1.00,43.20,37.20,11.69,4.78
454020,79.00,1.00,43.20,37.20,11.71,4.78
454246,79.00,1.00,43.20,37.20,11.71,4.92
454472,79.00,1.00,43.20,37.20,11.69,4.85
454699,79.00,1.00,43.20,37.20,11.71,4.92
454925,79.00,1.00,43.20,37.20,11.71,4.85
455154,79.00,1.00,43.20,37.20,11.59,4.85
455389,79.20,1.00,43.30,37.10,11.30,4.85
455615,79.20,1.00,43.30,37.10,11.64,4.85
455841,79.20,1.00,43.30,37.10,11.64,4.92
456068,79.20,1.00,43.30,37.10,11.64,4.78
456294,79.20,1.00,43.30,37.10,11.64,4.85
456521,79.20,1.00,43.30,37.10,11.66,4.85
456748,79.20,1.00,43.30,37.10,11.64,4.78
456974,79.20,1.00,43.30,37.10,11.69,4.78
457200,79.20,1.00,43.30,37.10,11.66,4.78
457434,79.20,1.00,43.40,36.90,11.52,4.78
457661,79.20,1.00,43.40,36.90,11.74,4.85
457890,79.20,1.00,43.40,36.90,11.71,4.85
458117,79.20,1.00,43.40,36.90,11.71,4.92
458343,79.20,1.00,43.40,36.90,11.69,4.85
458569,79.20,1.00,43.40,36.90,11.69,4.85
458825,79.20,1.00,43.40,36.90,11.57,4.85
459053,79.20,1.00,43.40,36.90,11.44,4.85
459279,79.20,1.00,43.40,36.90,11.61,4.85
459511,79.20,1.00,43.50,36.80,11.39,4.85
459738,79.20,1.00,43.50,36.80,11.64,4.85
459965,79.20,1.00,43.50,36.80,11.64,4.78
460191,79.20,1.00,43.50,36.80,11.61,4.85
460418,79.20,1.00,43.50,36.80,11.64,4.85
460647,79.20,1.00,43.50,36.80,11.64,4.78
460873,79.20,1.00,43.50,36.80,11.59,4.78
461100,79.20,1.00,43.50,36.80,11.59,4.85
461327,79.20,1.00,43.50,36.80,11.64,4.85
461559,79.40,1.00,43.60,36.70,11.35,4.85
461786,79.40,1.00,43.60,36.70,11.71,4.85
462013,79.40,1.00,43.60,36.70,11.61,4.85
462239,79.40,1.00,43.60,36.70,11.64,4.92
462466,79.40,1.00,43.60,36.70,11.71,4.85
462692,79.40,1.00,43.60,36.70,11.64,4.85
462919,79.40,1.00,43.60,36.70,11.69,4.85
463145,79.40,1.00,43.60,36.70,11.59,4.85
463372,79.40,1.00,43.60,36.70,11.64,4.85
463607,79.40,1.00,43.60,36.50,11.42,4.85
463834,79.40,1.00,43.60,36.50,11.64,4.92
464090,79.40,1.00,43.60,36.50,11.64,4.85
464316,79.40,1.00,43.60,36.50,11.69,4.78
464542,79.40,1.00,43.60,36.50,11.64,4.85
464770,79.40,1.00,43.60,36.50,11.66,4.92
464996,79.40,1.00,43.60,36.50,11.66,4.85
465222,79.40,1.00,43.60,36.50,11.71,4.85
465448,79.40,1.00,43.60,36.50,11.66,4.85
465683,79.40,1.00,43.80,36.40,11.39,4.85
465909,79.40,1.00,43.80,36.40,11.66,4.85
466136,79.40,1.00,43.80,36.40,11.69,4.85
466365,79.40,1.00,43.80,36.40,11.64,4.78
466591,79.40,1.00,43.80,36.40,11.64,4.78
466818,79.40,1.00,43.80,36.40,11.69,4.85
467044,79.40,1.00,43.80,36.40,11.71,4.85
467270,79.40,1.00,43.80,36.40,11.71,4.85
467496,79.40,1.00,43.80,36.40,11.69,4.85
467730,79.40,1.00,43.80,36.20,11.44,4.85
467956,79.40,1.00,43.80,36.20,11.69,4.85
468183,79.40,1.00,43.80,36.20,11.71,4.85
468409,79.40,1.00,43.80,36.20,11.61,4.92
468636,79.40,1.00,43.80,36.20,11.69,4.85
468862,79.40,1.00,43.80,36.20,11.64,4.85
469092,79.40,1.00,43.80,36.20,11.49,4.85
469318,79.40,1.00,43.80,36.20,11.64,4.92
469574,79.40,1.00,43.80,36.20,11.64,4.85
469809,79.60,1.00,44.00,36.10,11.44,4.78
470035,79.60,1.00,44.00,36.10,11.74,4.78
470261,79.60,1.00,44.00,36.10,11.64,4.85
470488,79.60,1.00,44.00,36.10,11.64,4.85
470714,79.60,1.00,44.00,36.10,11.57,4.85
470940,79.60,1.00,44.00,36.10,11.61,4.85
471168,79.60,1.00,44.00,36.10,11.61,4.92
471394,79.60,1.00,44.00,36.10,11.59,4.85
471620,79.60,1.00,44.00,36.10,11.61,4.78
471856,79.60,1.00,44.10,36.00,11.37,4.78
472082,79.60,1.00,44.10,36.00,11.64,4.92
472308,79.60,1.00,44.10,36.00,11.61,4.85
472535,79.60,1.00,44.10,36.00,11.64,4.92
472762,79.60,1.00,44.10,36.00,11.66,4.78
472988,79.60,1.00,44.10,36.00,11.61,4.85
473214,79.60,1.00,44.10,36.00,11.54,4.78
473441,79.60,1.00,44.10,36.00,11.52,4.78
473667,79.60,1.00,44.10,36.00,11.61,4.78
473901,79.80,1.00,44.10,35.80,11.42,4.92
474127,79.80,1.00,44.10,35.80,11.64,4.85
474353,79.80,1.00,44.10,35.80,11.64,4.85
474583,79.80,1.00,44.10,35.80,11.66,4.85
474839,79.80,1.00,44.10,35.80,11.66,4.85
475065,79.80,1.00,44.10,35.80,11.61,4.85
475291,79.80,1.00,44.10,35.80,11.64,4.78
475518,79.80,1.00,44.10,35.80,11.69,4.78
475745,79.80,1.00,44.10,35.80,11.64,4.85
475977,79.80,1.00,44.30,35.70,11.47,4.85
476205,79.80,1.00,44.30,35.70,11.57,4.85
476431,79.80,1.00,44.30,35.70,11.54,4.85
476657,79.80,1.00,44.30,35.70,11.54,4.92
476883,79.80,1.00,44.30,35.70,11.57,4.85
477110,79.80,1.00,44.30,35.70,11.59,4.92
477337,79.80,1.00,44.30,35.70,11.52,4.85
477565,79.80,1.00,44.30,35.70,11.49,4.85
477793,79.80,1.00,44.30,35.70,11.47,4.85
478025,80.10,1.00,44.40,35.60,11.18,4.85
478252,80.10,1.00,44.40,35.60,11.54,4.85
478479,80.10,1.00,44.40,35.60,11.52,4.85
478705,80.10,1.00,44.40,35.60,11.59,4.85
478931,80.10,1.00,44.40,35.60,11.37,4.92
479158,80.10,1.00,44.40,35.60,11.39,4.78
479384,80.10,1.00,44.40,35.60,11.39,4.85
479610,80.10,1.00,44.40,35.60,11.35,4.85
479838,80.10,1.00,44.40,35.60,11.39,4.78
480070,80.00,1.00,44.40,35.40,11.30,4.78
480328,80.00,1.00,44.40,35.40,11.61,4.70
480555,80.00,1.00,44.40,35.40,11.49,4.85
480782,80.00,1.00,44.40,35.40,11.57,4.92
481008,80.00,1.00,44.40,35.40,11.59,4.85
481234,80.00,1.00,44.40,35.40,11.52,4.78
481461,80.00,1.00,44.40,35.40,11.49,4.85
481687,80.00,1.00,44.40,35.40,11.47,4.85
481913,80.00,1.00,44.40,35.40,11.47,4.85
482148,80.30,1.00,44.60,35.30,11.22,4.85
482374,80.30,1.00,44.60,35.30,11.49,5.00
482600,80.30,1.00,44.60,35.30,0.41,-0.04
482827,80.30,1.00,44.60,35.30,0.27,-0.04
483056,80.30,1.00,44.60,35.30,0.24,-0.11
483282,80.30,1.00,44.60,35.30,0.27,-0.11
483509,80.30,1.00,44.60,35.30,0.27,-0.11
483735,80.30,1.00,44.60,35.30,0.24,0.04
483961,80.30,1.00,44.60,35.30,0.27,-0.04
484194,80.30,1.00,44.70,35.20,0.10,-0.11
484420,80.30,1.00,44.70,35.20,0.27,-0.04
484646,80.30,1.00,44.70,35.20,0.27,-0.04
484873,80.30,1.00,44.70,35.20,0.27,0.04
485099,80.30,1.00,44.70,35.20,0.27,-0.11
485326,80.30,1.00,44.70,35.20,0.27,-0.04
485553,80.30,1.00,44.70,35.20,0.27,-0.11
485811,80.30,1.00,44.70,35.20,0.22,-0.11
486037,80.30,1.00,44.70,35.20,0.22,-0.04
486272,80.30,1.00,44.70,35.00,0.10,-0.11
486498,80.30,1.00,44.70,35.00,0.24,-0.11
486724,80.30,1.00,44.70,35.00,0.22,-0.11
