486,22.80,38.70,0.63,0.33
707,22.80,38.70,0.61,0.33
928,22.80,38.70,0.66,0.33
486,22.80,39.40,12.69,0.33
707,22.80,39.40,12.71,0.33
928,22.80,39.40,12.69,0.26
1149,22.80,39.40,12.69,0.26
1371,22.80,39.40,12.69,0.33
1593,22.80,39.40,12.69,0.33
1814,22.80,39.40,12.69,0.26
2061,22.80,39.40,12.66,0.33
2553,22.70,39.30,12.66,0.48
2775,22.70,39.30,12.69,0.19
2996,22.70,39.30,12.66,0.26
3220,22.70,39.30,12.69,0.26
3441,22.70,39.30,12.69,0.26
3662,22.70,39.30,12.66,0.33
3885,22.70,39.30,12.69,0.19
4106,22.70,39.30,12.69,0.33
4598,22.80,39.30,12.66,0.56
4819,22.80,39.30,12.71,0.33
5041,22.80,39.30,12.69,0.26
5263,22.80,39.30,12.69,0.26
5484,22.80,39.30,12.69,0.33
5705,22.80,39.30,12.66,0.33
5926,22.80,39.30,12.69,0.26
6148,22.80,39.30,12.66,0.33
6640,22.80,39.30,12.66,0.56
6862,22.80,39.30,12.69,0.26
7084,22.80,39.30,12.71,0.26
7305,22.80,39.30,12.69,0.26
7526,22.80,39.30,12.66,0.33
7750,22.80,39.30,12.69,0.33
7971,22.80,39.30,12.69,0.33
8194,22.80,39.30,12.66,0.33
8685,22.80,39.20,12.64,0.48
8907,22.80,39.20,12.71,0.19
9128,22.80,39.20,12.69,0.33
9375,22.80,39.20,12.66,0.33
9596,22.80,39.20,12.66,0.33
9818,22.80,39.20,12.71,0.26
10040,22.80,39.20,12.69,0.26
10261,22.80,39.20,12.69,0.33
10754,22.80,39.30,12.66,0.56
10975,22.80,39.30,12.71,0.26
11197,22.80,39.30,12.69,0.26
11418,22.80,39.30,12.66,0.26
11639,22.80,39.30,12.66,0.19
11860,22.80,39.30,12.69,0.33
12085,22.80,39.30,12.69,0.19
12307,22.80,39.30,12.69,0.33
12800,22.80,39.20,12.66,0.41
13021,22.80,39.20,12.71,0.33
13242,22.80,39.20,12.69,0.26
13463,22.80,39.20,12.69,0.33
13685,22.80,39.20,12.69,0.19
13906,22.80,39.20,12.66,0.26
14128,22.80,39.20,12.69,0.33
14350,22.80,39.20,12.69,0.26
14842,22.80,39.10,12.66,0.41
15064,22.80,39.10,12.74,0.33
15285,22.80,39.10,12.69,0.19
15506,22.80,39.10,12.66,0.26
15728,22.80,39.10,12.71,0.26
15949,22.80,39.10,12.66,0.19
16171,22.80,39.10,12.71,0.41
16420,22.80,39.10,12.69,0.26
16913,22.80,39.10,12.66,0.41
17134,22.80,39.10,12.71,0.33
17356,22.80,39.10,12.69,0.33
17577,22.80,39.10,12.66,0.33
17799,22.80,39.10,12.69,0.33
18021,22.80,39.10,12.71,0.26
18242,22.80,39.10,12.69,0.26
18463,22.80,39.10,12.71,0.19
18956,22.80,39.10,12.66,0.48
19177,22.80,39.10,12.69,0.26
19399,22.80,39.10,12.69,0.19
19620,22.80,39.10,12.69,0.33
19842,22.80,39.10,12.69,0.19
20064,22.80,39.10,12.69,0.26
20285,22.80,39.10,12.69,0.26
20506,22.80,39.10,12.69,0.26
21002,22.80,39.00,0.61,0.41
21223,22.80,39.00,0.63,0.26
21444,22.80,39.00,0.61,0.26
21665,22.80,39.00,0.59,0.33
21886,22.80,39.00,0.61,0.26
22109,22.80,39.00,0.61,0.33
22330,22.80,39.00,0.63,0.33
22551,22.80,39.00,0.63,0.33
23044,22.80,39.00,0.66,0.48
23265,22.80,39.00,0.63,0.33
23512,22.80,39.00,0.61,0.33
23733,22.80,39.00,0.61,0.26
23954,22.80,39.00,0.61,0.26
24176,22.80,39.00,0.61,0.33
24397,22.80,39.00,0.61,0.33
24619,22.80,39.00,0.61,0.26
25111,22.80,39.00,0.61,0.48
25332,22.80,39.00,0.63,0.26
25556,22.80,39.00,0.61,0.26
25779,22.80,39.00,0.61,0.26
26000,22.80,39.00,0.61,0.26
26221,22.80,39.00,0.63,0.26
26442,22.80,39.00,0.63,0.33
26663,22.80,39.00,0.63,0.26
27156,22.80,39.00,0.63,0.48
27378,22.80,39.00,0.61,0.33
27599,22.80,39.00,0.61,0.26
27821,22.80,39.00,0.63,0.26
28042,22.80,39.00,0.59,0.26
28263,22.80,39.00,0.61,0.19
28485,22.80,39.00,0.63,0.26
28706,22.80,39.00,0.63,0.33
29199,22.80,39.00,0.63,0.48
29420,22.80,39.00,0.63,0.26
29641,22.80,39.00,0.63,0.33
29865,22.80,39.00,0.61,0.19
30087,22.80,39.00,0.61,0.41
30308,22.80,39.00,0.63,0.33
30555,22.80,39.00,0.61,0.26
30776,22.80,39.00,0.63,0.26
31269,22.80,39.00,0.61,0.48
31491,22.80,39.00,0.63,0.26
31713,22.80,39.00,0.61,0.33
31934,22.80,39.00,0.66,0.33
32155,22.80,39.00,0.63,0.33
32376,22.80,39.00,0.63,0.26
32598,22.80,39.00,0.61,0.33
32819,22.80,39.00,0.63,0.26
33311,22.80,39.00,0.61,0.48
33533,22.80,39.00,0.66,0.33
33755,22.80,39.00,0.61,0.26
33976,22.80,39.00,0.61,0.26
34197,22.80,39.00,0.61,0.33
34421,22.80,39.00,0.63,0.26
34642,22.80,39.00,0.61,0.19
34864,22.80,39.00,0.63,0.26
35356,22.80,39.00,0.61,0.48
35577,22.80,39.00,0.63,0.26
35799,22.80,39.00,0.63,0.26
36021,22.80,39.00,0.63,0.26
36242,22.80,39.00,0.63,0.41
36463,22.80,39.00,0.61,0.33
36684,22.80,39.00,0.59,0.41
36905,22.80,39.00,0.61,0.26
37398,22.80,39.00,0.63,0.48
37619,22.80,39.00,0.66,0.19
37866,22.80,39.00,0.61,0.26
38087,22.80,39.00,0.61,0.26
38308,22.80,39.00,0.59,0.19
38531,22.80,39.00,0.61,0.26
38752,22.80,39.00,0.63,0.33
38976,22.80,39.00,0.63,0.33
39469,22.80,39.00,0.63,0.48
39690,22.80,39.00,0.66,0.26
39911,22.80,39.00,0.61,0.26
40132,22.80,39.00,0.61,0.33
40353,22.80,39.00,0.61,0.33
40576,22.80,39.00,0.61,0.26
40797,22.80,39.00,0.61,0.26
41018,22.80,39.00,0.63,0.26
41510,22.80,39.00,0.66,0.48
41732,22.80,39.00,0.63,0.33
41953,22.80,39.00,0.63,0.19
42174,22.80,39.00,0.61,0.33
42395,22.80,39.00,0.63,0.26
42617,22.80,39.00,0.61,0.26
42839,22.80,39.00,0.61,0.33
43060,22.80,39.00,0.61,0.33
43555,22.80,39.00,0.61,0.48
43777,22.80,39.00,0.63,0.26
43998,22.80,39.00,0.61,0.33
44219,22.80,39.00,0.61,0.11
44440,22.80,39.00,0.63,0.19
44688,22.80,39.00,0.61,0.33
44909,22.80,39.00,0.59,0.33
45130,22.80,39.00,0.61,0.26
45624,22.80,39.00,0.61,0.63
45845,22.80,39.00,0.63,0.26
46067,22.80,39.00,0.61,0.33
46288,22.80,39.00,0.61,0.26
46510,22.80,39.00,0.61,0.33
46731,22.80,39.00,0.61,0.19
46952,22.80,39.00,0.59,0.19
47174,22.80,39.00,0.59,0.19
47667,22.80,39.00,0.61,0.48
47888,22.80,39.00,0.63,0.19
48111,22.80,39.00,0.63,0.19
48333,22.80,39.00,0.61,0.33
48555,22.80,39.00,0.63,0.26
48776,22.80,39.00,0.59,0.19
48997,22.80,39.00,0.61,0.26
49218,22.80,39.00,0.63,0.19
49712,22.80,39.00,0.61,0.48
49933,22.80,39.00,0.63,0.33
50155,22.80,39.00,0.59,0.19
50376,22.80,39.00,0.63,0.26
50597,22.80,39.00,0.61,0.19
50819,22.80,39.00,0.61,0.19
51040,22.80,39.00,0.61,0.26
51261,22.80,39.00,0.61,0.26
51753,22.80,39.00,0.61,0.48
52000,22.80,39.00,0.61,0.26
52221,22.80,39.00,0.59,0.33
52443,22.80,39.00,0.61,0.33
52667,22.80,39.00,0.61,0.33
52889,22.80,39.00,0.59,0.26
53110,22.80,39.00,0.61,0.26
53331,22.80,39.00,0.63,0.26
53824,22.80,39.00,0.63,0.48
54045,22.80,39.00,0.61,0.26
54266,22.80,39.00,0.61,0.19
54488,22.80,39.00,0.61,0.11
54710,22.80,39.00,0.61,0.33
54931,22.80,39.00,0.63,0.33
55152,22.80,39.00,0.61,0.33
55373,22.80,39.00,0.63,0.19
55866,22.80,39.00,0.63,0.56
56087,22.80,39.00,0.63,0.41
56308,22.80,39.00,0.61,0.26
56530,22.80,39.00,0.63,0.26
56752,22.80,39.00,0.63,0.33
56976,22.80,39.00,0.61,0.33
57197,22.80,39.00,0.66,0.33
57418,22.80,39.00,0.63,0.26
57911,22.80,39.00,0.66,0.56
58132,22.80,39.00,0.66,0.33
58353,22.80,39.00,0.61,0.26
58574,22.80,39.00,0.63,0.33
58797,22.80,39.00,0.63,0.33
59043,22.80,39.00,0.61,0.33
59265,22.80,39.00,0.61,0.26
59486,22.80,39.00,0.63,0.26
59978,22.80,39.00,0.63,0.48
60199,22.80,39.00,0.66,0.26
60421,22.80,39.00,0.61,0.26
60642,22.80,39.00,0.59,0.33
60864,22.80,39.00,0.66,0.26
61085,22.80,39.00,0.61,0.33
61306,22.80,39.00,0.63,0.26
61531,22.80,39.00,0.63,0.26
62023,22.80,39.00,0.63,0.48
62244,22.80,39.00,0.63,0.26
62466,22.80,39.00,0.61,0.26
62687,22.80,39.00,0.63,0.26
62909,22.80,39.00,0.63,0.26
63130,22.80,39.00,0.66,0.33
63351,22.80,39.00,0.61,0.19
63572,22.80,39.00,0.61,0.33
64065,22.90,39.10,0.63,0.56
64286,22.90,39.10,0.66,0.33
64508,22.90,39.10,0.66,0.26
64730,22.90,39.10,0.63,0.26
64951,22.90,39.10,0.63,0.26
65172,22.90,39.10,0.66,0.19
65393,22.90,39.10,0.63,0.33
65614,22.90,39.10,0.63,0.33
66107,22.90,39.10,0.61,0.48
66357,22.90,39.10,0.63,0.19
66578,22.90,39.10,0.66,0.26
66799,22.90,39.10,0.66,0.33
67020,22.90,39.10,0.63,0.33
67241,22.90,39.10,0.61,0.26
67464,22.90,39.10,0.63,0.19
67685,22.90,39.10,0.63,0.19
68177,22.90,39.10,0.63,0.48
68399,22.90,39.10,0.66,0.26
68620,22.90,39.10,0.68,0.26
68841,22.90,39.10,0.63,0.26
69062,22.90,39.10,0.63,0.26
69283,22.90,39.10,0.66,0.33
69506,22.90,39.10,0.63,0.19
69727,22.90,39.10,0.63,0.19
70219,22.90,39.10,0.63,0.48
70440,22.90,39.10,0.66,0.41
70665,22.90,39.10,0.63,0.33
70886,22.90,39.10,0.63,0.33
71107,22.90,39.10,0.63,0.19
71328,22.90,39.10,0.63,0.41
71549,22.90,39.10,0.63,0.33
71771,22.90,39.10,0.63,0.33
72263,22.90,39.10,0.63,0.48
72485,22.90,39.10,0.66,0.19
72707,22.90,39.10,0.63,0.19
72928,22.90,39.10,0.63,0.41
73175,22.90,39.10,0.63,0.26
73396,22.90,39.10,0.66,0.26
73617,22.90,39.10,0.63,0.26
73838,22.90,39.10,0.66,0.33
74331,22.90,39.10,0.63,0.48
74553,22.90,39.10,0.66,0.33
74774,22.90,39.10,0.63,0.26
74995,22.90,39.10,0.63,0.26
75219,22.90,39.10,0.63,0.41
75441,22.90,39.10,0.63,0.33
75662,22.90,39.10,0.63,0.33
75883,22.90,39.10,0.63,0.19
76376,22.90,39.10,0.63,0.48
76597,22.90,39.10,0.63,0.26
76818,22.90,39.10,0.66,0.26
77040,22.90,39.10,0.63,0.26
77261,22.90,39.10,0.61,0.41
77483,22.90,39.10,0.63,0.33
77704,22.90,39.10,0.66,0.19
77925,22.90,39.10,0.63,0.41
78417,22.90,39.10,0.68,0.48
78639,22.90,39.10,0.66,0.33
78860,22.90,39.10,0.66,0.33
79082,22.90,39.10,0.63,0.33
79303,22.90,39.10,0.66,0.33
79524,22.90,39.10,0.68,0.26
79749,22.90,39.10,0.66,0.33
79970,22.90,39.10,0.66,0.33
80487,22.90,39.10,0.63,0.41
80709,22.90,39.10,0.66,0.33
80930,22.90,39.10,0.63,0.33
81152,22.90,39.10,0.63,0.33
81373,22.90,39.10,0.63,0.26
81594,22.90,39.10,0.66,0.33
81815,22.90,39.10,0.63,0.19
82036,22.90,39.10,0.63,0.26
82530,22.90,39.10,0.66,0.56
82751,22.90,39.10,0.71,0.41
82972,22.90,39.10,0.63,0.26
83193,22.90,39.10,0.66,0.33
83415,22.90,39.10,0.63,0.33
83636,22.90,39.10,0.63,0.33
83858,22.90,39.10,0.63,0.19
84081,22.90,39.10,0.63,0.41
84575,22.90,39.10,0.66,0.56
84796,22.90,39.10,0.68,0.33
85017,22.90,39.10,0.66,0.33
85238,22.90,39.10,0.66,0.26
85459,22.90,39.10,0.66,0.33
85681,22.90,39.10,0.66,0.26
85902,22.90,39.10,0.66,0.33
86124,22.90,39.10,0.66,0.26
86617,22.90,39.10,0.68,0.41
86838,22.90,39.10,0.71,0.41
87059,22.90,39.10,0.68,0.26
87280,22.90,39.10,0.66,0.41
87527,22.90,39.10,0.66,0.33
87748,22.90,39.10,0.63,0.26
87970,22.90,39.10,0.63,0.41
88192,22.90,39.10,0.66,0.33
88684,22.90,39.10,0.68,0.56
88908,22.90,39.10,0.71,0.33
89129,22.90,39.10,0.68,0.33
89351,22.90,39.10,0.66,0.33
89572,22.90,39.10,0.66,0.41
89793,22.90,39.10,0.63,0.33
90015,22.90,39.10,0.66,0.26
90236,22.90,39.10,0.63,0.26
90729,22.90,39.10,0.68,0.56
90950,22.90,39.10,0.71,0.26
91171,22.90,39.10,0.68,0.41
91393,22.90,39.10,0.66,0.33
91614,22.90,39.10,0.66,0.41
91836,22.90,39.10,0.68,0.33
92057,22.90,39.10,0.68,0.33
92278,22.90,39.10,0.66,0.33
92771,22.90,39.10,0.66,0.48
92992,22.90,39.10,0.68,0.33
93213,22.90,39.10,0.66,0.33
93437,22.90,39.10,0.68,0.26
93659,22.90,39.10,0.66,0.26
93880,22.90,39.10,0.68,0.26
94102,22.90,39.10,0.66,0.26
94348,22.90,39.10,0.66,0.33
94840,22.90,39.10,0.68,0.56
95063,22.90,39.10,0.68,0.26
95284,22.90,39.10,0.68,0.41
95505,22.90,39.10,0.66,0.33
95726,22.90,39.10,0.63,0.41
95947,22.90,39.10,0.66,0.33
96168,22.90,39.10,0.66,0.41
96390,22.90,39.10,0.68,0.41
96883,22.90,39.10,0.68,0.56
97104,22.90,39.10,0.66,0.33
97326,22.90,39.10,0.68,0.26
97547,22.90,39.10,0.63,0.41
97778,22.90,39.10,0.66,0.33
98000,22.90,39.10,0.66,0.26
98222,22.90,39.10,0.66,0.33
98443,22.90,39.10,0.66,0.41
98934,22.90,39.10,0.66,0.56
99156,22.90,39.10,0.68,0.33
99378,22.90,39.10,0.73,0.33
99599,22.90,39.10,0.63,0.41
99820,22.90,39.10,0.68,0.41
100042,22.90,39.10,0.68,0.33
100263,22.90,39.10,0.66,0.33
100485,22.90,39.10,0.68,0.33
100978,22.90,39.10,0.68,0.48
101199,22.90,39.10,0.68,0.19
101446,22.90,39.10,0.66,0.41
101668,22.90,39.10,0.66,0.41
101890,22.90,39.10,0.63,0.33
102112,22.90,39.10,0.63,0.41
102336,22.90,39.10,0.66,0.41
102557,22.90,39.10,0.66,0.33
103050,22.90,39.10,0.68,0.41
103271,22.90,39.10,0.68,0.48
103493,22.90,39.10,0.66,0.33
103714,22.90,39.10,0.63,0.33
103937,22.90,39.10,0.66,0.33
104158,22.90,39.10,0.66,0.33
104379,22.90,39.10,0.66,0.41
104601,22.90,39.10,0.63,0.26
105094,22.90,39.10,0.68,0.63
105315,22.90,39.10,0.71,0.26
105537,22.90,39.10,0.68,0.33
105758,22.90,39.10,0.66,0.41
105979,22.90,39.10,0.66,0.41
106202,22.90,39.10,0.63,0.33
106423,22.90,39.10,0.68,0.26
106647,22.90,39.10,0.66,0.33
107140,22.90,39.10,0.66,0.33
107361,22.90,39.10,0.66,0.33
107583,22.90,39.10,0.66,0.33
107804,22.90,39.10,0.66,0.33
108025,22.90,39.10,0.66,0.26
108272,22.90,39.10,0.66,0.33
108493,22.90,39.10,0.66,0.26
108716,22.90,39.10,0.68,0.33
109208,23.00,39.20,0.66,0.48
109429,23.00,39.20,0.68,0.33
109651,23.00,39.20,0.66,0.41
109873,23.00,39.20,0.66,0.33
110094,23.00,39.20,0.66,0.26
110315,23.00,39.20,0.66,0.33
110537,23.00,39.20,0.66,0.41
110758,23.00,39.20,0.66,0.26
111254,22.90,39.10,0.66,0.48
111475,22.90,39.10,0.68,0.33
111697,22.90,39.10,0.66,0.33
111919,22.90,39.10,0.71,0.41
112140,22.90,39.10,0.66,0.19
112362,22.90,39.10,0.68,0.33
112583,22.90,39.10,0.63,0.33
112804,22.90,39.10,0.68,0.41
113297,23.00,39.00,0.66,0.48
113519,23.00,39.00,0.71,0.33
113740,23.00,39.00,0.66,0.33
113961,23.00,39.00,0.68,0.33
114184,23.00,39.00,0.68,0.33
114405,23.00,39.00,0.68,0.48
114626,23.00,39.00,0.66,0.33
114847,23.00,39.00,0.66,0.33
115341,23.00,39.00,0.66,0.56
115591,23.00,39.00,0.71,0.33
115812,23.00,39.00,0.68,0.33
116033,23.00,39.00,0.68,0.41
116255,23.00,39.00,0.66,0.33
116476,23.00,39.00,0.68,0.33
116698,23.00,39.00,0.66,0.33
116920,23.00,39.00,0.68,0.41
117412,22.90,38.90,0.68,0.63
117634,22.90,38.90,0.71,0.26
117856,22.90,38.90,0.61,0.33
118077,22.90,38.90,0.66,0.26
118298,22.90,38.90,0.71,0.33
118520,22.90,38.90,0.68,0.33
118742,22.90,38.90,0.66,0.33
118963,22.90,38.90,0.66,0.41
119455,23.00,39.10,0.66,0.56
119677,23.00,39.10,0.71,0.26
119902,23.00,39.10,0.66,0.41
120123,23.00,39.10,0.63,0.33
120344,23.00,39.10,0.66,0.41
120566,23.00,39.10,0.66,0.26
120787,23.00,39.10,0.66,0.33
121009,23.00,39.10,0.66,0.33
121501,23.00,38.90,0.68,0.56
121723,23.00,38.90,0.68,0.41
121945,23.00,38.90,0.66,0.33
122166,23.00,38.90,0.66,0.48
122387,23.00,38.90,0.66,0.26
122634,23.00,38.90,0.66,0.41
122855,23.00,38.90,0.66,0.33
123077,23.00,38.90,0.68,0.33
123570,23.00,39.00,0.68,0.48
123791,23.00,39.00,0.68,0.33
124012,23.00,39.00,0.66,0.41
124236,23.00,39.00,0.71,0.33
124459,23.00,39.00,0.66,0.33
124680,23.00,39.00,0.68,0.33
124901,23.00,39.00,0.68,0.33
125123,23.00,39.00,0.68,0.33
125616,22.90,38.90,0.68,0.63
125837,22.90,38.90,0.71,0.33
126058,22.90,38.90,0.71,0.41
126280,22.90,38.90,0.66,0.33
126501,22.90,38.90,0.68,0.26
126723,22.90,38.90,0.68,0.41
126944,22.90,38.90,0.71,0.41
127166,22.90,38.90,0.71,0.33
127659,23.00,39.00,0.68,0.56
127880,23.00,39.00,0.68,0.33
128101,23.00,39.00,0.68,0.33
128323,23.00,39.00,0.66,0.41
128547,23.00,39.00,0.71,0.41
128769,23.00,39.00,0.71,0.26
128990,23.00,39.00,0.68,0.41
129212,23.00,39.00,0.71,0.33
129704,23.00,39.00,0.68,0.63
129951,23.00,39.00,0.68,0.26
130172,23.00,39.00,0.71,0.41
130395,23.00,39.00,0.71,0.26
130616,23.00,39.00,0.68,0.33
130837,23.00,39.00,0.68,0.41
131058,23.00,39.00,0.68,0.41
131280,23.00,39.00,0.71,0.41
131773,23.00,38.90,0.66,0.56
131994,23.00,38.90,0.68,0.33
132216,23.00,38.90,0.68,0.26
132438,23.00,38.90,0.68,0.33
132659,23.00,38.90,0.68,0.41
132883,23.00,38.90,0.66,0.41
133104,23.00,38.90,0.68,0.41
133326,23.00,38.90,0.68,0.33
133819,23.00,38.90,0.66,0.48
134040,23.00,38.90,0.68,0.19
134261,23.00,38.90,0.71,0.33
134483,23.00,38.90,0.68,0.41
134705,23.00,38.90,0.66,0.41
134926,23.00,38.90,0.66,0.33
135148,23.00,38.90,0.71,0.33
135369,23.00,38.90,0.66,0.41
135862,23.00,38.90,0.66,0.56
136083,23.00,38.90,0.68,0.26
136305,23.00,38.90,0.66,0.33
136526,23.00,38.90,0.68,0.33
136785,23.00,38.90,0.68,0.33
137007,23.00,38.90,0.71,0.33
137231,23.00,38.90,0.68,0.41
137452,23.00,38.90,0.68,0.26
137945,23.00,38.90,0.68,0.56
138167,23.00,38.90,0.73,0.41
138388,23.00,38.90,0.68,0.33
138609,23.00,38.90,0.71,0.41
138830,23.00,38.90,0.71,0.26
139053,23.00,38.90,0.68,0.41
139274,23.00,38.90,0.68,0.41
139495,23.00,38.90,0.68,0.41
139987,23.00,38.80,0.68,0.63
140210,23.00,38.80,0.71,0.33
140431,23.00,38.80,0.68,0.26
140652,23.00,38.80,0.68,0.41
140873,23.00,38.80,0.68,0.33
141095,23.00,38.80,0.68,0.48
141317,23.00,38.80,0.66,0.33
141541,23.00,38.80,0.68,0.41
142033,23.00,38.80,0.71,0.56
142255,23.00,38.80,0.68,0.41
142477,23.00,38.80,0.68,0.41
142698,23.00,38.80,0.68,0.41
142919,23.00,38.80,0.66,0.48
143140,23.00,38.80,0.68,0.41
143363,23.00,38.80,0.66,0.41
143584,23.00,38.80,0.68,0.33
144102,23.00,38.80,0.68,0.56
144323,23.00,38.80,0.71,0.33
144545,23.00,38.80,0.68,0.41
144766,23.00,38.80,0.68,0.33
144988,23.00,38.80,0.71,0.48
145210,23.00,38.80,0.71,0.41
145431,23.00,38.80,0.68,0.33
145652,23.00,38.80,0.68,0.41
146148,23.00,38.80,0.68,0.63
146369,23.00,38.80,0.68,0.41
146591,23.00,38.80,0.71,0.41
146812,23.00,38.80,0.68,0.41
147034,23.00,38.80,0.66,0.33
147255,23.00,38.80,0.68,0.33
147477,23.00,38.80,0.66,0.48
147698,23.00,38.80,0.71,0.41
148191,23.00,38.80,0.73,0.63
148412,23.00,38.80,0.68,0.48
148634,23.00,38.80,0.71,0.33
148855,23.00,38.80,0.66,0.33
149076,23.00,38.80,0.68,0.41
149299,23.00,38.80,0.66,0.33
149520,23.00,38.80,0.66,0.33
149741,23.00,38.80,0.68,0.33
150235,23.00,38.80,0.68,0.63
150459,23.00,38.80,0.71,0.33
150680,23.00,38.80,0.68,0.33
150927,23.00,38.80,0.68,0.26
151148,23.00,38.80,0.68,0.33
151369,23.00,38.80,0.66,0.48
151591,23.00,38.80,0.66,0.26
151813,23.00,38.80,0.68,0.33
152305,23.00,38.70,0.68,0.63
152526,23.00,38.70,0.71,0.33
152749,23.00,38.70,0.68,0.33
152970,23.00,38.70,0.66,0.33
153191,23.00,38.70,0.71,0.48
153413,23.00,38.70,0.68,0.41
153634,23.00,38.70,0.71,0.41
153856,23.00,38.70,0.68,0.33
154348,23.00,38.70,0.71,0.56
154570,23.00,38.70,0.66,0.26
154795,23.00,38.70,0.66,0.48
155016,23.00,38.70,0.66,0.41
155237,23.00,38.70,0.66,0.48
155459,23.00,38.70,0.68,0.41
155680,23.00,38.70,0.68,0.33
155901,23.00,38.70,0.66,0.41
156394,23.00,38.70,0.66,0.63
156615,23.00,38.70,0.68,0.33
156837,23.00,38.70,0.66,0.33
157059,23.00,38.70,0.68,0.33
157280,23.00,38.70,0.68,0.48
157501,23.00,38.70,0.66,0.33
157723,23.00,38.70,0.68,0.41
157944,23.00,38.70,0.66,0.41
158462,23.00,38.70,0.68,0.63
158685,23.00,38.70,0.68,0.33
158906,23.00,38.70,0.66,0.41
159130,23.00,38.70,0.63,0.33
159351,23.00,38.70,0.66,0.33
159574,23.00,38.70,0.68,0.41
159795,23.00,38.70,0.66,0.33
160016,23.00,38.70,0.63,0.33
160508,23.00,38.70,0.66,0.63
160731,23.00,38.70,0.68,0.41
160952,23.00,38.70,0.71,0.26
161173,23.00,38.70,0.66,0.26
161394,23.00,38.70,0.68,0.41
161616,23.00,38.70,0.66,0.33
161838,23.00,38.70,0.66,0.33
162059,23.00,38.70,0.66,0.26
162551,23.00,38.70,0.66,0.48
162774,23.00,38.70,0.68,0.33
162995,23.00,38.70,0.66,0.33
163216,23.00,38.70,0.66,0.41
163437,23.00,38.70,0.66,0.41
163661,23.00,38.70,0.66,0.41
163884,23.00,38.70,0.66,0.33
164105,23.00,38.70,0.63,0.26
164597,23.00,38.60,0.66,0.56
164818,23.00,38.60,0.66,0.41
165040,23.00,38.60,0.68,0.33
165286,23.00,38.60,0.66,0.41
165508,23.00,38.60,0.66,0.33
165729,23.00,38.60,0.63,0.33
165951,23.00,38.60,0.63,0.33
166172,23.00,38.60,0.63,0.26
166665,23.10,38.70,0.66,0.48
166886,23.10,38.70,0.68,0.33
167108,23.10,38.70,0.66,0.41
167329,23.10,38.70,0.66,0.33
167550,23.10,38.70,0.63,0.33
167773,23.10,38.70,0.63,0.26
167997,23.10,38.70,0.66,0.33
168218,23.10,38.70,0.66,0.33
168711,23.10,38.70,0.63,0.56
168932,23.10,38.70,0.68,0.33
169153,23.10,38.70,0.68,0.33
169375,23.10,38.70,0.66,0.33
169596,23.10,38.70,0.68,0.26
169818,23.10,38.70,0.63,0.26
170040,23.10,38.70,0.66,0.33
170261,23.10,38.70,0.66,0.41
170754,23.10,38.70,0.66,0.56
170975,23.10,38.70,0.66,0.33
171197,23.10,38.70,0.63,0.26
171418,23.10,38.70,0.68,0.33
171639,23.10,38.70,0.63,0.33
171860,23.10,38.70,0.63,0.33
172083,23.10,38.70,0.63,0.41
172333,23.10,38.70,0.66,0.41
172825,23.10,38.70,0.66,0.48
173047,23.10,38.70,0.66,0.26
173268,23.10,38.70,0.63,0.33
173490,23.10,38.70,0.66,0.26
173711,23.10,38.70,0.68,0.33
173933,23.10,38.70,0.63,0.33
174154,23.10,38.70,0.66,0.26
174375,23.10,38.70,0.63,0.33
174868,23.10,38.70,0.68,0.63
175090,23.10,38.70,0.68,0.41
175311,23.10,38.70,0.63,0.33
175533,23.10,38.70,0.66,0.41
175754,23.10,38.70,0.66,0.26
175976,23.10,38.70,0.68,0.41
176197,23.10,38.70,0.66,0.33
176418,23.10,38.70,0.66,0.41
176914,23.10,38.70,0.66,0.63
177135,23.10,38.70,0.66,0.33
177357,23.10,38.70,0.68,0.33
177579,23.10,38.70,0.63,0.33
177800,23.10,38.70,0.63,0.41
178021,23.10,38.70,0.63,0.33
178243,23.10,38.70,0.63,0.26
178464,23.10,38.70,0.66,0.41
178957,23.10,38.70,0.66,0.56
179178,23.10,38.70,0.66,0.26
179425,23.10,38.70,0.63,0.41
179646,23.10,38.70,0.63,0.33
179867,23.10,38.70,0.63,0.26
180089,23.10,38.70,0.66,0.26
180311,23.10,38.70,0.63,0.33
180532,23.10,38.70,0.63,0.33
181025,23.10,38.60,0.63,0.48
181250,23.10,38.60,0.63,0.26
181471,23.10,38.60,0.63,0.33
181693,23.10,38.60,0.63,0.33
181914,23.10,38.60,0.63,0.26
182135,23.10,38.60,0.68,0.33
182358,23.10,38.60,0.66,0.33
182579,23.10,38.60,0.66,0.33
183071,23.10,38.70,0.66,0.41
183292,23.10,38.70,0.66,0.41
183514,23.10,38.70,0.66,0.26
183736,23.10,38.70,0.66,0.33
183957,23.10,38.70,0.68,0.26
184178,23.10,38.70,0.63,0.19
184400,23.10,38.70,0.68,0.26
184622,23.10,38.70,0.63,0.26
185114,23.10,38.60,0.66,0.63
185335,23.10,38.60,0.68,0.26
185560,23.10,38.60,0.63,0.33
185781,23.10,38.60,0.63,0.26
186003,23.10,38.60,0.63,0.33
186224,23.10,38.60,0.66,0.33
186471,23.10,38.60,0.63,0.33
186692,23.10,38.60,0.66,0.33
187185,23.10,38.60,0.63,0.48
187407,23.10,38.60,0.66,0.41
187628,23.10,38.60,0.66,0.41
187849,23.10,38.60,0.66,0.33
188071,23.10,38.60,0.63,0.33
188293,23.10,38.60,0.61,0.33
188514,23.10,38.60,0.66,0.33
188736,23.10,38.60,0.61,0.33
189229,23.10,38.60,0.66,0.56
189450,23.10,38.60,0.66,0.33
189671,23.10,38.60,0.63,0.26
189895,23.10,38.60,0.63,0.41
190116,23.10,38.60,0.63,0.26
190339,23.10,38.60,0.63,0.33
190560,23.10,38.60,0.66,0.26
190781,23.10,38.60,0.66,0.33
191275,23.10,38.60,0.66,0.56
191497,23.10,38.60,0.68,0.33
191718,23.10,38.60,0.63,0.41
191939,23.10,38.60,0.66,0.33
192160,23.10,38.60,0.63,0.33
192382,23.10,38.60,0.66,0.33
192604,23.10,38.60,0.66,0.33
192825,23.10,38.60,0.63,0.26
193317,23.10,38.60,0.63,0.56
193540,23.10,38.60,0.68,0.41
193786,23.10,38.60,0.63,0.33
194008,23.10,38.60,0.66,0.33
194232,23.10,38.60,0.63,0.26
194453,23.10,38.60,0.63,0.26
194675,23.10,38.60,0.63,0.33
194896,23.10,38.60,0.63,0.26
195389,23.10,38.60,0.63,0.56
195610,23.10,38.60,0.66,0.41
195832,23.10,38.60,0.63,0.33
196054,23.10,38.60,0.63,0.33
196275,23.10,38.60,0.63,0.33
196496,23.10,38.60,0.63,0.33
196718,23.10,38.60,0.63,0.26
196939,23.10,38.60,0.61,0.33
197432,23.10,38.60,0.66,0.48
197653,23.10,38.60,0.68,0.26
197875,23.10,38.60,0.66,0.41
198096,23.10,38.60,0.63,0.26
198318,23.10,38.60,0.63,0.33
198542,23.10,38.60,0.63,0.33
198764,23.10,38.60,0.68,0.33
198985,23.10,38.60,0.66,0.26
199478,23.10,38.50,0.68,0.63
199699,23.10,38.50,0.71,0.33
199920,23.10,38.50,0.66,0.41
200142,23.10,38.50,0.68,0.33
200364,23.10,38.50,0.63,0.33
200585,23.10,38.50,0.63,0.33
200832,23.10,38.50,0.63,0.33
201054,23.10,38.50,0.66,0.26
201546,23.10,38.50,0.66,0.56
201767,23.10,38.50,0.68,0.33
201989,23.10,38.50,0.63,0.33
202211,23.10,38.50,0.66,0.41
202432,23.10,38.50,0.66,0.33
202653,23.10,38.50,0.66,0.26
202877,23.10,38.50,0.68,0.33
203099,23.10,38.50,0.68,0.41
203591,23.10,38.50,0.66,0.56
203813,23.10,38.50,0.66,0.41
204035,23.10,38.50,0.66,0.33
204256,23.10,38.50,0.66,0.33
204478,23.10,38.50,0.66,0.26
204699,23.10,38.50,0.66,0.33
204920,23.10,38.50,0.68,0.41
205142,23.10,38.50,0.66,0.33
205634,23.10,38.50,0.71,0.63
205856,23.10,38.50,0.68,0.33
206077,23.10,38.50,0.66,0.26
206299,23.10,38.50,0.63,0.33
206520,23.10,38.50,0.66,0.33
206742,23.10,38.50,0.66,0.33
206963,23.10,38.50,0.63,0.33
207187,23.10,38.50,0.63,0.41
207680,23.10,38.40,0.71,0.56
207926,23.10,38.40,0.68,0.41
208147,23.10,38.40,0.66,0.26
208369,23.10,38.40,0.66,0.33
208590,23.10,38.40,0.66,0.41
208812,23.10,38.40,0.63,0.41
209033,23.10,38.40,0.66,0.33
209255,23.10,38.40,0.66,0.26
209747,23.10,38.40,0.68,0.63
209969,23.10,38.40,0.71,0.33
210190,23.10,38.40,0.66,0.33
210411,23.10,38.40,0.66,0.33
210633,23.10,38.40,0.66,0.33
210854,23.10,38.40,0.66,0.33
211076,23.10,38.40,0.63,0.41
211297,23.10,38.40,0.66,0.33
211792,23.10,38.50,0.66,0.56
212014,23.10,38.50,0.68,0.26
212236,23.10,38.50,0.68,0.48
212457,23.10,38.50,0.68,0.33
212678,23.10,38.50,0.63,0.41
212899,23.10,38.50,0.66,0.33
213121,23.10,38.50,0.66,0.41
213343,23.10,38.50,0.66,0.26
213835,23.10,38.50,0.68,0.48
214056,23.10,38.50,0.68,0.41
214278,23.10,38.50,0.66,0.33
214499,23.10,38.50,0.66,0.26
214721,23.10,38.50,0.66,0.26
214968,23.10,38.50,0.63,0.33
215189,23.10,38.50,0.66,0.26
215411,23.10,38.50,0.63,0.26
215904,23.10,38.40,0.68,0.63
216128,23.10,38.40,0.71,0.41
216349,23.10,38.40,0.68,0.48
216570,23.10,38.40,0.63,0.41
216792,23.10,38.40,0.66,0.33
217014,23.10,38.40,0.63,0.33
217235,23.10,38.40,0.63,0.33
217456,23.10,38.40,0.61,0.41
217950,23.10,38.40,0.68,0.56
218172,23.10,38.40,0.68,0.41
218393,23.10,38.40,0.66,0.33
218614,23.10,38.40,0.66,0.33
218835,23.10,38.40,0.66,0.33
219058,23.10,38.40,0.63,0.33
219279,23.10,38.40,0.66,0.33
219500,23.10,38.40,0.63,0.33
219994,23.10,38.50,0.66,0.56
220216,23.10,38.50,0.71,0.33
220440,23.10,38.50,0.63,0.33
220661,23.10,38.50,0.68,0.33
220882,23.10,38.50,0.63,0.41
221104,23.10,38.50,0.63,0.33
221326,23.10,38.50,0.63,0.33
221547,23.10,38.50,0.66,0.26
222065,23.20,38.50,0.66,0.56
222286,23.20,38.50,0.66,0.33
222508,23.20,38.50,0.63,0.33
222729,23.20,38.50,0.66,0.33
222951,23.20,38.50,0.63,0.26
223172,23.20,38.50,0.63,0.33
223393,23.20,38.50,0.66,0.41
223616,23.20,38.50,0.63,0.26
224108,23.10,38.40,0.68,0.56
224329,23.10,38.40,0.71,0.33
224550,23.10,38.40,0.63,0.41
224775,23.10,38.40,0.63,0.33
224996,23.10,38.40,0.63,0.33
225218,23.10,38.40,0.63,0.33
225439,23.10,38.40,0.66,0.26
225660,23.10,38.40,0.66,0.26
226153,23.20,38.50,0.66,0.48
226374,23.20,38.50,0.68,0.41
226596,23.20,38.50,0.66,0.33
226818,23.20,38.50,0.63,0.26
227039,23.20,38.50,0.63,0.33
227261,23.20,38.50,0.66,0.19
227482,23.20,38.50,0.66,0.33
227703,23.20,38.50,0.63,0.26
228196,23.20,38.50,0.66,0.63
228417,23.20,38.50,0.68,0.19
228638,23.20,38.50,0.63,0.33
228860,23.20,38.50,0.66,0.33
229082,23.20,38.50,0.66,0.33
229331,23.20,38.50,0.66,0.41
229553,23.20,38.50,0.63,0.33
229775,23.20,38.50,0.66,0.33
230267,23.20,38.50,0.68,0.48
230489,23.20,38.50,0.68,0.33
230710,23.20,38.50,0.66,0.26
230931,23.20,38.50,0.63,0.26
231153,23.20,38.50,0.63,0.41
231374,23.20,38.50,0.61,0.41
231596,23.20,38.50,0.63,0.33
231818,23.20,38.50,0.63,0.33
232310,23.20,38.50,0.66,0.48
232531,23.20,38.50,0.68,0.33
232753,23.20,38.50,0.63,0.33
232974,23.20,38.50,0.63,0.41
233196,23.20,38.50,0.63,0.33
233417,23.20,38.50,0.63,0.33
233641,23.20,38.50,0.66,0.41
233863,23.20,38.50,0.63,0.33
234355,23.20,38.40,0.66,0.56
234576,23.20,38.40,0.66,0.33
234799,23.20,38.40,0.63,0.33
235020,23.20,38.40,0.63,0.33
235241,23.20,38.40,0.63,0.41
235462,23.20,38.40,0.61,0.26
235684,23.20,38.40,0.63,0.33
235906,23.20,38.40,0.63,0.33
236423,23.20,38.40,0.66,0.48
236644,23.20,38.40,0.68,0.41
236865,23.20,38.40,0.68,0.33
237086,23.20,38.40,0.63,0.33
237308,23.20,38.40,0.63,0.26
237530,23.20,38.40,0.63,0.48
237751,23.20,38.40,0.66,0.26
237975,23.20,38.40,0.66,0.33
238469,23.20,38.40,0.66,0.63
238691,23.20,38.40,0.66,0.33
238912,23.20,38.40,0.63,0.41
239133,23.20,38.40,0.63,0.33
239355,23.20,38.40,0.66,0.33
239577,23.20,38.40,0.63,0.26
239798,23.20,38.40,0.66,0.33
240020,23.20,38.40,0.66,0.26
240513,23.20,38.40,0.66,0.48
240734,23.20,38.40,0.68,0.41
240955,23.20,38.40,0.68,0.33
241177,23.20,38.40,0.66,0.33
241398,23.20,38.40,0.68,0.41
241619,23.20,38.40,0.66,0.41
241842,23.20,38.40,0.66,0.33
242063,23.20,38.40,0.66,0.33
242558,23.20,38.40,0.66,0.48
242780,23.20,38.40,0.71,0.41
243001,23.20,38.40,0.73,0.33
243223,23.20,38.40,0.63,0.41
243470,23.20,38.40,0.63,0.41
243691,23.20,38.40,0.66,0.41
243912,23.20,38.40,0.63,0.26
244134,23.20,38.40,0.66,0.33
244627,23.20,38.40,0.66,0.56
244848,23.20,38.40,0.71,0.33
245069,23.20,38.40,0.68,0.33
245292,23.20,38.40,0.66,0.26
245513,23.20,38.40,0.63,0.33
245734,23.20,38.40,0.66,0.33
245956,23.20,38.40,0.66,0.33
246177,23.20,38.40,0.63,0.19
246671,23.20,38.40,0.66,0.56
246895,23.20,38.40,0.71,0.41
247116,23.20,38.40,0.66,0.41
247339,23.20,38.40,0.63,0.26
247560,23.20,38.40,0.66,0.33
247781,23.20,38.40,0.68,0.41
248003,23.20,38.40,0.66,0.33
248224,23.20,38.40,0.66,0.33
248717,23.20,38.40,0.68,0.63
248938,23.20,38.40,0.66,0.33
249160,23.20,38.40,0.68,0.33
249381,23.20,38.40,0.63,0.26
249603,23.20,38.40,0.66,0.33
249825,23.20,38.40,0.66,0.26
250046,23.20,38.40,0.66,0.33
250267,23.20,38.40,0.66,0.33
250785,23.20,38.40,0.63,0.56
251006,23.20,38.40,0.68,0.26
251231,23.20,38.40,0.66,0.33
251452,23.20,38.40,0.68,0.41
251674,23.20,38.40,0.63,0.33
251895,23.20,38.40,0.66,0.41
252116,23.20,38.40,0.66,0.33
252339,23.20,38.40,0.66,0.26
252831,23.20,38.40,0.66,0.56
253052,23.20,38.40,0.66,0.33
253275,23.20,38.40,0.68,0.26
253496,23.20,38.40,0.66,0.33
253717,23.20,38.40,0.66,0.26
253938,23.20,38.40,0.66,0.33
254160,23.20,38.40,0.66,0.41
254382,23.20,38.40,0.66,0.41
254873,23.20,38.30,0.66,0.56
255095,23.20,38.30,0.68,0.33
255316,23.20,38.30,0.66,0.41
255541,23.20,38.30,0.63,0.33
255762,23.20,38.30,0.63,0.33
255984,23.20,38.30,0.63,0.33
256205,23.20,38.30,0.63,0.33
256427,23.20,38.30,0.71,0.33
256919,23.20,38.30,0.63,0.63
257141,23.20,38.30,0.66,0.41
257362,23.20,38.30,0.63,0.26
257609,23.20,38.30,0.63,0.26
257831,23.20,38.30,0.66,0.41
258053,23.20,38.30,0.63,0.33
258274,23.20,38.30,0.63,0.33
258496,23.20,38.30,0.63,0.26
258989,23.20,38.30,0.66,0.56
259210,23.20,38.30,0.71,0.33
259432,23.20,38.30,0.66,0.26
259653,23.20,38.30,0.63,0.26
259877,23.20,38.30,0.66,0.33
260099,23.20,38.30,0.63,0.33
260321,23.20,38.30,0.63,0.33
260542,23.20,38.30,0.66,0.33
261035,23.20,38.30,0.68,0.56
261257,23.20,38.30,0.68,0.33
261478,23.20,38.30,0.63,0.33
261700,23.20,38.30,0.68,0.33
261921,23.20,38.30,0.66,0.33
262142,23.20,38.30,0.63,0.33
262365,23.20,38.30,0.68,0.26
262586,23.20,38.30,0.66,0.41
263077,23.20,38.30,0.66,0.56
263300,23.20,38.30,0.66,0.26
263521,23.20,38.30,0.66,0.33
263742,23.20,38.30,0.66,0.41
263964,23.20,38.30,0.63,0.33
264188,23.20,38.30,0.66,0.33
264410,23.20,38.30,0.63,0.33
264656,23.20,38.30,0.66,0.26
265149,23.20,38.30,0.71,0.41
265370,23.20,38.30,0.71,0.33
265592,23.20,38.30,0.63,0.33
265814,23.20,38.30,0.63,0.41
266035,23.20,38.30,0.66,0.41
266257,23.20,38.30,0.66,0.26
266478,23.20,38.30,0.66,0.33
266699,23.20,38.30,0.63,0.41
267193,23.20,38.30,0.68,0.56
267414,23.20,38.30,0.66,0.33
267635,23.20,38.30,0.66,0.33
267857,23.20,38.30,0.66,0.26
268079,23.20,38.30,0.66,0.33
268300,23.20,38.30,0.66,0.33
268524,23.20,38.30,0.63,0.33
268745,23.20,38.30,0.66,0.19
269239,23.20,38.30,0.66,0.48
269460,23.20,38.30,0.66,0.26
269681,23.20,38.30,0.68,0.26
269903,23.20,38.30,0.63,0.26
270125,23.20,38.30,0.63,0.19
270346,23.20,38.30,0.66,0.26
270568,23.20,38.30,0.66,0.26
270789,23.20,38.30,0.71,0.26
271282,23.20,38.20,0.66,0.56
271504,23.20,38.20,0.71,0.41
271725,23.20,38.20,0.63,0.41
271973,23.20,38.20,0.63,0.33
272194,23.20,38.20,0.66,0.33
272415,23.20,38.20,0.66,0.41
272637,23.20,38.20,0.66,0.41
272861,23.20,38.20,0.66,0.41
273354,23.20,38.20,0.68,0.56
273575,23.20,38.20,0.68,0.33
273797,23.20,38.20,0.66,0.33
274019,23.20,38.20,0.66,0.26
274240,23.20,38.20,0.66,0.26
274461,23.20,38.20,0.66,0.26
274683,23.20,38.20,0.66,0.26
274905,23.20,38.20,0.68,0.41
275397,23.20,38.20,0.66,0.63
275618,23.20,38.20,0.66,0.33
275841,23.20,38.20,0.66,0.26
276062,23.20,38.20,0.66,0.26
276283,23.20,38.20,0.68,0.33
276505,23.20,38.20,0.68,0.33
276726,23.20,38.20,0.68,0.41
276947,23.20,38.20,0.66,0.33
277443,23.30,38.30,0.66,0.56
277664,23.30,38.30,0.68,0.48
277886,23.30,38.30,0.66,0.33
278108,23.30,38.30,0.68,0.33
278329,23.30,38.30,0.66,0.33
278551,23.30,38.30,0.68,0.41
278798,23.30,38.30,0.66,0.33
279019,23.30,38.30,0.63,0.33
279512,23.20,38.10,0.66,0.63
279734,23.20,38.10,0.68,0.33
279955,23.20,38.10,0.68,0.33
280176,23.20,38.10,0.63,0.33
280398,23.20,38.10,0.66,0.33
280620,23.20,38.10,0.63,0.33
280841,23.20,38.10,0.63,0.26
281063,23.20,38.10,0.63,0.41
281555,23.30,38.30,0.66,0.41
281780,23.30,38.30,0.71,0.33
282001,23.30,38.30,0.68,0.33
282223,23.30,38.30,0.71,0.33
282444,23.30,38.30,0.63,0.33
282665,23.30,38.30,0.68,0.33
282887,23.30,38.30,0.68,0.33
283109,23.30,38.30,0.66,0.26
283601,23.30,38.20,0.66,0.48
283823,23.30,38.20,0.66,0.33
284045,23.30,38.20,0.68,0.33
284266,23.30,38.20,0.63,0.48
284487,23.30,38.20,0.63,0.33
284708,23.30,38.20,0.66,0.48
284931,23.30,38.20,0.66,0.33
285152,23.30,38.20,0.66,0.26
285644,23.30,38.20,0.68,0.48
285867,23.30,38.20,0.71,0.33
286115,23.30,38.20,0.66,0.33
286337,23.30,38.20,0.68,0.26
286559,23.30,38.20,0.66,0.26
286780,23.30,38.20,0.66,0.41
287001,23.30,38.20,0.66,0.26
287223,23.30,38.20,0.68,0.48
287716,23.30,38.20,0.68,0.56
287937,23.30,38.20,0.68,0.33
288159,23.30,38.20,0.66,0.41
288380,23.30,38.20,0.66,0.41
288602,23.30,38.20,0.68,0.33
288823,23.30,38.20,0.66,0.33
289045,23.30,38.20,0.68,0.33
289266,23.30,38.20,0.66,0.26
289759,23.30,38.20,0.66,0.56
289980,23.30,38.20,0.66,0.33
290202,23.30,38.20,0.66,0.41
290426,23.30,38.20,0.68,0.33
290648,23.30,38.20,0.66,0.33
290869,23.30,38.20,0.66,0.26
291091,23.30,38.20,0.66,0.41
291312,23.30,38.20,0.66,0.33
291805,23.20,38.10,0.66,0.56
292026,23.20,38.10,0.66,0.41
292248,23.20,38.10,0.66,0.33
292469,23.20,38.10,0.66,0.33
292690,23.20,38.10,0.66,0.33
292912,23.20,38.10,0.66,0.26
293158,23.20,38.10,0.63,0.26
293381,23.20,38.10,0.66,0.33
293873,23.30,38.20,0.66,0.63
294094,23.30,38.20,0.71,0.41
294316,23.30,38.20,0.63,0.41
294538,23.30,38.20,0.66,0.33
294759,23.30,38.20,0.66,0.41
294983,23.30,38.20,0.66,0.26
295204,23.30,38.20,0.68,0.33
295427,23.30,38.20,0.63,0.33
295919,23.30,38.20,0.68,0.63
296140,23.30,38.20,0.68,0.33
296363,23.30,38.20,0.66,0.41
296584,23.30,38.20,0.68,0.33
296805,23.30,38.20,0.66,0.33
297026,23.30,38.20,0.66,0.26
297248,23.30,38.20,0.71,0.33
297469,23.30,38.20,0.66,0.26
297962,23.30,38.20,0.66,0.63
298183,23.30,38.20,0.68,0.41
298405,23.30,38.20,0.71,0.41
298627,23.30,38.20,0.66,0.41
298848,23.30,38.20,0.66,0.33
299070,23.30,38.20,0.68,0.33
299294,23.30,38.20,0.68,0.41
299515,23.30,38.20,0.66,0.26
300008,23.30,38.10,0.71,0.48
300255,23.30,38.10,0.71,0.33
300476,23.30,38.10,0.63,0.33
300698,23.30,38.10,0.63,0.26
300919,23.30,38.10,0.66,0.26
301140,23.30,38.10,0.63,0.33
301363,23.30,38.10,0.63,0.33
301584,23.30,38.10,0.66,0.33
302076,23.30,38.10,0.66,0.56
302299,23.30,38.10,0.68,0.33
302520,23.30,38.10,0.66,0.33
302741,23.30,38.10,0.66,0.33
302963,23.30,38.10,0.66,0.33
303184,23.30,38.10,0.63,0.26
303406,23.30,38.10,0.66,0.33
303630,23.30,38.10,0.66,0.33
304121,23.30,38.10,0.71,0.56
304344,23.30,38.10,0.68,0.33
304565,23.30,38.10,0.63,0.41
304786,23.30,38.10,0.63,0.26
305008,23.30,38.10,0.66,0.33
305229,23.30,38.10,0.66,0.33
305451,23.30,38.10,0.66,0.26
305673,23.30,38.10,0.66,0.33
306165,23.30,38.10,0.66,0.48
306386,23.30,38.10,0.68,0.41
306608,23.30,38.10,0.68,0.33
306830,23.30,38.10,0.66,0.41
307051,23.30,38.10,0.63,0.33
307298,23.30,38.10,0.63,0.33
307519,23.30,38.10,0.66,0.26
307740,23.30,38.10,0.63,0.33
308236,23.30,38.10,0.68,0.48
308458,23.30,38.10,0.68,0.26
308679,23.30,38.10,0.63,0.41
308900,23.30,38.10,0.63,0.41
309123,23.30,38.10,0.66,0.33
309344,23.30,38.10,0.63,0.33
309565,23.30,38.10,0.63,0.26
309787,23.30,38.10,0.66,0.33
310280,23.30,38.10,0.66,0.41
310501,23.30,38.10,0.66,0.33
310722,23.30,38.10,0.66,0.26
310944,23.30,38.10,0.66,0.33
311165,23.30,38.10,0.63,0.33
311387,23.30,38.10,0.66,0.26
311609,23.30,38.10,0.68,0.19
311830,23.30,38.10,0.63,0.33
312323,23.30,38.10,0.66,0.48
312547,23.30,38.10,0.66,0.33
312769,23.30,38.10,0.68,0.33
312990,23.30,38.10,0.63,0.26
313211,23.30,38.10,0.66,0.26
313433,23.30,38.10,0.66,0.33
313655,23.30,38.10,0.66,0.33
313876,23.30,38.10,0.63,0.33
314369,23.30,38.10,0.68,0.63
314615,23.30,38.10,0.66,0.26
314836,23.30,38.10,0.66,0.26
315059,23.30,38.10,0.66,0.33
315280,23.30,38.10,0.66,0.33
315501,23.30,38.10,0.63,0.33
315722,23.30,38.10,0.63,0.33
315944,23.30,38.10,0.63,0.33
316437,23.30,38.10,0.68,0.56
316658,23.30,38.10,0.68,0.33
316882,23.30,38.10,0.63,0.33
317104,23.30,38.10,0.66,0.33
317326,23.30,38.10,0.71,0.33
317547,23.30,38.10,0.66,0.33
317768,23.30,38.10,0.68,0.33
317989,23.30,38.10,0.66,0.33
318483,23.30,38.00,0.66,0.48
318704,23.30,38.00,0.71,0.33
318925,23.30,38.00,0.63,0.26
319147,23.30,38.00,0.68,0.33
319369,23.30,38.00,0.63,0.33
319590,23.30,38.00,0.66,0.33
319811,23.30,38.00,0.63,0.26
320032,23.30,38.00,0.68,0.26
320526,23.30,38.00,0.66,0.56
320747,23.30,38.00,0.71,0.26
320968,23.30,38.00,0.63,0.26
321192,23.30,38.00,0.66,0.33
321439,23.30,38.00,0.66,0.26
321660,23.30,38.00,0.63,0.33
321883,23.30,38.00,0.63,0.19
322104,23.30,38.00,0.63,0.33
322596,23.30,38.00,0.63,0.56
322818,23.30,38.00,0.66,0.26
323040,23.30,38.00,0.63,0.33
323261,23.30,38.00,0.66,0.26
323482,23.30,38.00,0.63,0.33
323703,23.30,38.00,0.63,0.33
323926,23.30,38.00,0.63,0.26
324147,23.30,38.00,0.63,0.26
324639,23.40,38.10,0.66,0.56
324860,23.40,38.10,0.66,0.41
325083,23.40,38.10,0.66,0.26
325304,23.40,38.10,0.66,0.33
325528,23.40,38.10,0.63,0.33
325749,23.40,38.10,0.63,0.33
325970,23.40,38.10,0.63,0.41
326193,23.40,38.10,0.66,0.41
326685,23.30,38.00,0.66,0.41
326906,23.30,38.00,0.66,0.33
327128,23.30,38.00,0.63,0.33
327349,23.30,38.00,0.66,0.41
327571,23.30,38.00,0.66,0.26
327792,23.30,38.00,0.66,0.26
328013,23.30,38.00,0.63,0.33
328235,23.30,38.00,0.63,0.33
328779,23.40,38.10,0.66,0.48
329000,23.40,38.10,0.66,0.33
329223,23.40,38.10,0.63,0.41
329444,23.40,38.10,0.66,0.26
329665,23.40,38.10,0.63,0.26
329889,23.40,38.10,0.66,0.26
330110,23.40,38.10,0.63,0.33
330333,23.40,38.10,0.63,0.41
330825,23.40,38.10,0.63,0.48
331046,23.40,38.10,0.63,0.26
331269,23.40,38.10,0.63,0.33
331490,23.40,38.10,0.63,0.41
331711,23.40,38.10,0.66,0.26
331932,23.40,38.10,0.63,0.26
332154,23.40,38.10,0.66,0.33
332376,23.40,38.10,0.66,0.26
332868,23.40,38.00,0.63,0.48
333089,23.40,38.00,0.66,0.26
333312,23.40,38.00,0.63,0.26
333533,23.40,38.00,0.63,0.33
333754,23.40,38.00,0.63,0.33
333975,23.40,38.00,0.66,0.26
334199,23.40,38.00,0.66,0.33
334420,23.40,38.00,0.63,0.33
334914,23.30,37.90,0.63,0.48
335135,23.30,37.90,0.66,0.33
335356,23.30,37.90,0.63,0.33
335578,23.30,37.90,0.63,0.26
335824,23.30,37.90,0.63,0.33
336046,23.30,37.90,0.66,0.26
336268,23.30,37.90,0.63,0.26
336489,23.30,37.90,0.63,0.33
336982,23.40,38.00,0.63,0.48
337204,23.40,38.00,0.63,0.26
337425,23.40,38.00,0.63,0.33
337646,23.40,38.00,0.63,0.26
337867,23.40,38.00,0.61,0.33
338089,23.40,38.00,0.66,0.26
338311,23.40,38.00,0.63,0.26
338535,23.40,38.00,0.66,0.26
339027,23.40,38.00,0.63,0.48
339249,23.40,38.00,0.66,0.19
339470,23.40,38.00,0.63,0.26
339692,23.40,38.00,0.63,0.19
339913,23.40,38.00,0.66,0.33
340134,23.40,38.00,0.63,0.26
340356,23.40,38.00,0.63,0.19
340578,23.40,38.00,0.66,0.33
341070,23.40,38.00,0.63,0.48
341292,23.40,38.00,0.66,0.33
341513,23.40,38.00,0.63,0.26
341735,23.40,38.00,0.63,0.26
341956,23.40,38.00,0.63,0.26
342177,23.40,38.00,0.63,0.26
342398,23.40,38.00,0.61,0.33
342621,23.40,38.00,0.61,0.26
343141,23.30,37.90,0.61,0.48
343362,23.30,37.90,0.66,0.19
343584,23.30,37.90,0.66,0.33
343805,23.30,37.90,0.63,0.26
344027,23.30,37.90,0.63,0.26
344248,23.30,37.90,0.63,0.26
344470,23.30,37.90,0.61,0.33
344691,23.30,37.90,0.63,0.26
345184,23.40,38.00,0.63,0.48
345405,23.40,38.00,0.63,0.33
345627,23.40,38.00,0.61,0.33
345848,23.40,38.00,0.61,0.26
346070,23.40,38.00,0.63,0.33
346291,23.40,38.00,0.61,0.33
346512,23.40,38.00,0.66,0.33
346734,23.40,38.00,0.66,0.26
347227,23.30,37.90,0.63,0.48
347451,23.30,37.90,0.63,0.26
347672,23.30,37.90,0.63,0.26
347893,23.30,37.90,0.61,0.26
348114,23.30,37.90,0.66,0.33
348337,23.30,37.90,0.61,0.26
348558,23.30,37.90,0.61,0.33
348779,23.30,37.90,0.61,0.26
349272,23.40,38.00,0.66,0.41
349494,23.40,38.00,0.63,0.33
349715,23.40,38.00,0.61,0.26
349962,23.40,38.00,0.61,0.26
350183,23.40,38.00,0.61,0.26
350404,23.40,38.00,0.61,0.26
350625,23.40,38.00,0.61,0.26
350848,23.40,38.00,0.61,0.33
351340,23.30,37.80,0.63,0.48
351561,23.30,37.80,0.63,0.26
351785,23.30,37.80,0.61,0.26
352007,23.30,37.80,0.61,0.26
352228,23.30,37.80,0.61,0.33
352450,23.30,37.80,0.61,0.26
352671,23.30,37.80,0.63,0.33
352892,23.30,37.80,0.61,0.26
353385,23.40,37.90,0.63,0.41
353607,23.40,37.90,0.63,0.26
353828,23.40,37.90,0.63,0.26
354050,23.40,37.90,0.61,0.26
354272,23.40,37.90,0.61,0.33
354493,23.40,37.90,0.61,0.33
354714,23.40,37.90,0.61,0.26
354935,23.40,37.90,0.61,0.26
355428,23.40,37.90,0.61,0.41
355650,23.40,37.90,0.63,0.26
355871,23.40,37.90,0.61,0.26
356096,23.40,37.90,0.61,0.19
356317,23.40,37.90,0.61,0.19
356538,23.40,37.90,0.61,0.26
356759,23.40,37.90,0.61,0.11
357006,23.40,37.90,0.61,0.33
357498,23.40,37.90,0.63,0.48
357721,23.40,37.90,0.66,0.26
357942,23.40,37.90,0.63,0.26
358163,23.40,37.90,0.59,0.26
358385,23.40,37.90,0.61,0.19
358606,23.40,37.90,0.63,0.33
358828,23.40,37.90,0.61,0.26
359049,23.40,37.90,0.61,0.26
359542,23.40,37.90,0.61,0.56
359763,23.40,37.90,0.61,0.33
359985,23.40,37.90,0.66,0.26
360206,23.40,37.90,0.61,0.19
360427,23.40,37.90,0.61,0.26
360651,23.40,37.90,0.61,0.19
360873,23.40,37.90,0.61,0.33
361095,23.40,37.90,0.61,0.26
361587,23.40,37.90,0.63,0.48
361808,23.40,37.90,0.61,0.19
362030,23.40,37.90,0.61,0.26
362252,23.40,37.90,0.59,0.26
362473,23.40,37.90,0.61,0.33
362694,23.40,37.90,0.63,0.33
362915,23.40,37.90,0.61,0.33
363138,23.40,37.90,0.61,0.26
363630,23.40,37.90,0.63,0.56
363851,23.40,37.90,0.63,0.26
364072,23.40,37.90,0.63,0.33
364319,23.40,37.90,0.61,0.26
364540,23.40,37.90,0.61,0.26
364763,23.40,37.90,0.59,0.33
364987,23.40,37.90,0.63,0.33
365208,23.40,37.90,0.61,0.33
365701,23.40,37.90,0.63,0.48
365922,23.40,37.90,0.63,0.26
366144,23.40,37.90,0.61,0.26
366365,23.40,37.90,0.61,0.33
366586,23.40,37.90,0.63,0.26
366808,23.40,37.90,0.61,0.19
367030,23.40,37.90,0.61,0.26
367251,23.40,37.90,0.61,0.19
367744,23.40,37.80,0.61,0.41
367965,23.40,37.80,0.63,0.26
368186,23.40,37.80,0.63,0.26
368408,23.40,37.80,0.61,0.19
368629,23.40,37.80,0.61,0.26
368850,23.40,37.80,0.61,0.19
369072,23.40,37.80,0.61,0.33
369296,23.40,37.80,0.63,0.19
369788,23.40,37.80,0.61,0.56
370010,23.40,37.80,0.63,0.26
370232,23.40,37.80,0.61,0.26
370453,23.40,37.80,0.61,0.26
370674,23.40,37.80,0.63,0.26
370895,23.40,37.80,0.61,0.11
371143,23.40,37.80,0.61,0.33
371364,23.40,37.80,0.61,0.26
371857,23.40,37.80,0.61,0.48
372079,23.40,37.80,0.61,0.33
372300,23.40,37.80,0.61,0.26
372521,23.40,37.80,0.61,0.26
372743,23.40,37.80,0.66,0.19
372965,23.40,37.80,0.63,0.26
373186,23.40,37.80,0.66,0.33
373407,23.40,37.80,0.61,0.33
373903,23.40,37.80,0.63,0.41
374124,23.40,37.80,0.63,0.19
374345,23.40,37.80,0.61,0.26
374567,23.40,37.80,0.61,0.26