2241,37.30,13.80,36.00,26.20,12.08,1.22
2465,37.30,13.80,36.00,26.20,12.22,1.22
2690,37.30,13.80,36.00,26.20,12.22,1.15
2914,37.30,13.80,36.00,26.20,12.22,1.15
3138,37.30,13.80,36.00,26.20,12.22,1.15
3398,37.30,13.80,36.00,26.20,12.22,1.22
3622,37.30,13.80,36.00,26.20,12.18,1.22
3847,37.30,13.80,36.00,26.20,12.20,1.30
4071,37.30,13.80,36.00,26.20,12.18,1.22
4301,37.30,12.60,36.00,27.30,12.03,1.37
4526,37.30,12.60,36.00,27.30,12.22,1.22
4750,37.30,12.60,36.00,27.30,12.20,1.30
4973,37.30,12.60,36.00,27.30,12.22,1.30
5197,37.30,12.60,36.00,27.30,12.20,1.30
5422,37.30,12.60,36.00,27.30,12.20,1.30
5646,37.30,12.60,36.00,27.30,12.20,1.30
5869,37.30,12.60,36.00,27.30,12.20,1.30
6096,37.30,12.60,36.00,27.30,12.22,1.37
6327,37.20,13.90,36.00,27.30,12.03,1.37
6550,37.20,13.90,36.00,27.30,12.22,1.30
6774,37.20,13.90,36.00,27.30,12.20,1.22
6999,37.20,13.90,36.00,27.30,12.18,1.37
7223,37.20,13.90,36.00,27.30,12.20,1.30
7446,37.20,13.90,36.00,27.30,12.18,1.37
7670,37.20,13.90,36.00,27.30,12.20,1.37
7927,37.20,13.90,36.00,27.30,12.20,1.30
8152,37.20,13.90,36.00,27.30,12.20,1.37
8383,37.10,13.80,36.00,27.30,12.03,1.52
8606,37.10,13.80,36.00,27.30,12.20,1.30
8830,37.10,13.80,36.00,27.30,12.20,1.37
9057,37.10,13.80,36.00,27.30,12.20,1.30
9281,37.10,13.80,36.00,27.30,12.20,1.37
9505,37.10,13.80,36.00,27.30,12.20,1.37
9730,37.10,13.80,36.00,27.30,12.20,1.44
9953,37.10,13.80,36.00,27.30,12.18,1.37
10177,37.10,13.80,36.00,27.30,12.18,1.37
10408,37.10,13.90,36.00,27.30,12.03,1.52
10632,37.10,13.90,36.00,27.30,12.20,1.37
10856,37.10,13.90,36.00,27.30,12.18,1.44
11080,37.10,13.90,36.00,27.30,12.18,1.37
11304,37.10,13.90,36.00,27.30,12.15,1.37
11529,37.10,13.90,36.00,27.30,12.18,1.37
11755,37.10,13.90,36.00,27.30,12.18,1.52
11979,37.10,13.90,36.00,27.30,12.15,1.44
12237,37.10,13.90,36.00,27.30,12.18,1.37
12469,37.10,13.90,36.00,27.40,12.03,1.52
12693,37.10,13.90,36.00,27.40,12.20,1.37
12916,37.10,13.90,36.00,27.40,12.18,1.37
13140,37.10,13.90,36.00,27.40,12.18,1.44
13365,37.10,13.90,36.00,27.40,12.18,1.37
13589,37.10,13.90,36.00,27.40,12.18,1.44
13813,37.10,13.90,36.00,27.40,12.15,1.44
14038,37.10,13.90,36.00,27.40,12.15,1.44
14261,37.10,13.90,36.00,27.40,12.15,1.37
14495,37.10,13.90,36.00,27.40,11.98,1.52
14718,37.10,13.90,36.00,27.40,12.18,1.44
14943,37.10,13.90,36.00,27.40,12.20,1.37
15167,37.10,13.90,36.00,27.40,12.18,1.44
15391,37.10,13.90,36.00,27.40,12.18,1.44
15616,37.10,13.90,36.00,27.40,12.18,1.44
15840,37.10,13.90,36.00,27.40,12.18,1.44
16063,37.10,13.90,36.00,27.40,12.15,1.44
16287,37.10,13.90,36.00,27.40,12.13,1.52
16519,37.10,13.90,36.00,27.40,12.03,1.52
16776,37.10,13.90,36.00,27.40,12.20,1.52
17000,37.10,13.90,36.00,27.40,12.18,1.44
17224,37.10,13.90,36.00,27.40,12.18,1.44
17451,37.10,13.90,36.00,27.40,12.15,1.37
17675,37.10,13.90,36.00,27.40,12.20,1.44
17899,37.10,13.90,36.00,27.40,12.18,1.44
18123,37.10,13.90,36.00,27.40,12.18,1.44
18347,37.10,13.90,36.00,27.40,12.18,1.44
18579,37.10,13.90,36.00,27.40,12.03,1.67
18803,37.10,13.90,36.00,27.40,12.20,1.44
19027,37.10,13.90,36.00,27.40,12.18,1.44
19251,37.10,13.90,36.00,27.40,12.18,1.37
19475,37.10,13.90,36.00,27.40,12.18,1.44
19699,37.10,13.90,36.00,27.40,12.18,1.37
19923,37.10,13.90,36.00,27.40,12.18,1.44
20150,37.10,13.90,36.00,27.40,12.15,1.44
20374,37.10,13.90,36.00,27.40,12.18,1.52
20605,37.10,13.90,36.00,27.40,12.00,1.52
20829,37.10,13.90,36.00,27.40,12.20,1.44
21053,37.10,13.90,36.00,27.40,12.15,1.44
21311,37.10,13.90,36.00,27.40,12.15,1.59
21535,37.10,13.90,36.00,27.40,12.18,1.52
21760,37.10,13.90,36.00,27.40,12.18,1.44
21984,37.10,13.90,36.00,27.40,12.15,1.52
22208,37.10,13.90,36.00,27.40,12.15,1.44
22431,37.10,13.90,36.00,27.40,12.18,1.44
22663,37.10,14.00,35.90,27.30,12.00,1.59
22889,37.10,14.00,35.90,27.30,12.18,1.44
23113,37.10,14.00,35.90,27.30,12.15,1.44
23337,37.10,14.00,35.90,27.30,12.18,1.44
23561,37.10,14.00,35.90,27.30,12.15,1.52
23785,37.10,14.00,35.90,27.30,12.18,1.52
24009,37.10,14.00,35.90,27.30,12.15,1.52
24233,37.10,14.00,35.90,27.30,12.15,1.52
24458,37.10,14.00,35.90,27.30,12.18,1.44
24688,37.10,13.90,35.90,27.30,12.00,1.59
24912,37.10,13.90,35.90,27.30,12.18,1.44
25137,37.10,13.90,35.90,27.30,12.15,1.59
25361,37.10,13.90,35.90,27.30,12.15,1.52
25621,37.10,13.90,35.90,27.30,12.15,1.44
25845,37.10,13.90,35.90,27.30,12.18,1.52
26068,37.10,13.90,35.90,27.30,12.15,1.52
26293,37.10,13.90,35.90,27.30,12.18,1.59
26517,37.10,13.90,35.90,27.30,12.15,1.52
26748,37.20,14.00,35.90,27.40,12.00,1.67
26973,37.20,14.00,35.90,27.40,12.18,1.44
27197,37.20,14.00,35.90,27.40,12.15,1.59
27421,37.20,14.00,35.90,27.40,12.18,1.52
27645,37.20,14.00,35.90,27.40,12.13,1.52
27869,37.20,14.00,35.90,27.40,12.15,1.52
28093,37.20,14.00,35.90,27.40,12.15,1.52
28320,37.20,14.00,35.90,27.40,12.18,1.59
28544,37.20,14.00,35.90,27.40,12.15,1.52
28775,37.30,14.00,35.90,27.40,12.00,1.67
28998,37.30,14.00,35.90,27.40,12.20,1.52
29222,37.30,14.00,35.90,27.40,12.15,1.52
29447,37.30,14.00,35.90,27.40,12.18,1.52
29671,37.30,14.00,35.90,27.40,12.15,1.44
29895,37.30,14.00,35.90,27.40,12.18,1.44
30152,37.30,14.00,35.90,27.40,12.15,1.44
30376,37.30,14.00,35.90,27.40,12.15,1.52
30601,37.30,14.00,35.90,27.40,12.18,1.59
30831,37.30,14.00,35.90,27.40,12.00,1.67
31055,37.30,14.00,35.90,27.40,12.18,1.44
31282,37.30,14.00,35.90,27.40,12.18,1.52
31506,37.30,14.00,35.90,27.40,12.15,1.44
31730,37.30,14.00,35.90,27.40,12.15,1.52
31953,37.30,14.00,35.90,27.40,12.18,1.59
32178,37.30,14.00,35.90,27.40,12.15,1.52
32402,37.30,14.00,35.90,27.40,12.18,1.52
32626,37.30,14.00,35.90,27.40,12.18,1.59
32857,37.40,14.00,35.90,27.40,12.00,1.74
33081,37.40,14.00,35.90,27.40,12.15,1.52
33305,37.40,14.00,35.90,27.40,12.15,1.52
33529,37.40,14.00,35.90,27.40,12.18,1.52
33753,37.40,14.00,35.90,27.40,12.18,1.52
33980,37.40,14.00,35.90,27.40,12.15,1.52
34204,37.40,14.00,35.90,27.40,12.15,1.59
34427,37.40,14.00,35.90,27.40,12.15,1.52
34686,37.40,14.00,35.90,27.40,12.15,1.52
34918,37.40,13.90,35.90,27.40,12.00,1.74
35142,37.40,13.90,35.90,27.40,12.20,1.52
35365,37.40,13.90,35.90,27.40,12.15,1.52
35590,37.40,13.90,35.90,27.40,12.15,1.52
35814,37.40,13.90,35.90,27.40,12.15,1.59
36038,37.40,13.90,35.90,27.40,12.15,1.52
36262,37.40,13.90,35.90,27.40,12.15,1.59
36486,37.40,13.90,35.90,27.40,12.15,1.59
36713,37.40,13.90,35.90,27.40,12.15,1.52
36943,37.50,13.90,35.90,27.30,11.98,1.67
37168,37.50,13.90,35.90,27.30,12.18,1.52
37392,37.50,13.90,35.90,27.30,12.15,1.59
37616,37.50,13.90,35.90,27.30,12.15,1.59
37839,37.50,13.90,35.90,27.30,12.15,1.59
38064,37.50,13.90,35.90,27.30,12.15,1.59
38288,37.50,13.90,35.90,27.30,12.15,1.52
38512,37.50,13.90,35.90,27.30,12.15,1.59
38736,37.50,13.90,35.90,27.30,12.15,1.59
38967,37.60,13.90,35.90,27.40,12.00,1.67
39225,37.60,13.90,35.90,27.40,12.18,1.59
39452,37.60,13.90,35.90,27.40,12.15,1.52
39675,37.60,13.90,35.90,27.40,12.15,1.52
39900,37.60,13.90,35.90,27.40,12.18,1.52
40124,37.60,13.90,35.90,27.40,12.18,1.52
40348,37.60,13.90,35.90,27.40,12.15,1.59
40572,37.60,13.90,35.90,27.40,12.15,1.52
40797,37.60,13.90,35.90,27.40,12.15,1.59
41027,37.60,13.80,35.90,27.40,12.00,1.81
41251,37.60,13.80,35.90,27.40,12.18,1.59
41475,37.60,13.80,35.90,27.40,12.15,1.52
41699,37.60,13.80,35.90,27.40,12.15,1.59
41923,37.60,13.80,35.90,27.40,12.15,1.59
42150,37.60,13.80,35.90,27.40,12.13,1.59
42374,37.60,13.80,35.90,27.40,12.18,1.67
42598,37.60,13.80,35.90,27.40,12.15,1.59
42822,37.60,13.80,35.90,27.40,12.15,1.59
43054,37.60,13.70,35.90,27.30,12.00,1.67
43278,37.60,13.70,35.90,27.30,12.15,1.59
43535,37.60,13.70,35.90,27.30,12.15,1.59
43759,37.60,13.70,35.90,27.30,12.15,1.59
43983,37.60,13.70,35.90,27.30,12.15,1.59
44208,37.60,13.70,35.90,27.30,12.15,1.59
44432,37.60,13.70,35.90,27.30,12.18,1.59
44655,37.60,13.70,35.90,27.30,12.15,1.67
44882,37.60,13.70,35.90,27.30,12.15,1.52
45113,37.70,13.70,35.90,27.30,11.98,1.74
45337,37.70,13.70,35.90,27.30,12.18,1.59
45561,37.70,13.70,35.90,27.30,12.15,1.52
45786,37.70,13.70,35.90,27.30,12.13,1.52
46009,37.70,13.70,35.90,27.30,12.15,1.59
46233,37.70,13.70,35.90,27.30,12.15,1.59
46457,37.70,13.70,35.90,27.30,12.15,1.59
46682,37.70,13.70,35.90,27.30,12.13,1.59
46906,37.70,13.70,35.90,27.30,12.15,1.59
47136,37.80,13.70,36.00,27.40,11.98,1.67
47360,37.80,13.70,36.00,27.40,12.15,1.67
47584,37.80,13.70,36.00,27.40,12.15,1.59
47811,37.80,13.70,36.00,27.40,12.15,1.52
48069,37.80,13.70,36.00,27.40,12.15,1.59
48293,37.80,13.70,36.00,27.40,12.15,1.59
48517,37.80,13.70,36.00,27.40,12.15,1.52
48741,37.80,13.70,36.00,27.40,12.13,1.59
48965,37.80,13.70,36.00,27.40,12.15,1.67
49197,37.80,13.60,36.00,27.40,11.98,1.74
49421,37.80,13.60,36.00,27.40,12.18,1.67
49645,37.80,13.60,36.00,27.40,12.13,1.52
49868,37.80,13.60,36.00,27.40,12.18,1.59
50093,37.80,13.60,36.00,27.40,12.15,1.67
50317,37.80,13.60,36.00,27.40,12.15,1.59
50543,37.80,13.60,36.00,27.40,12.15,1.52
50767,37.80,13.60,36.00,27.40,12.13,1.52
50992,37.80,13.60,36.00,27.40,12.15,1.52
51223,38.00,13.70,36.00,27.40,11.96,1.67
51447,38.00,13.70,36.00,27.40,12.18,1.59
51672,38.00,13.70,36.00,27.40,12.13,1.67
51895,38.00,13.70,36.00,27.40,12.15,1.67
52119,38.00,13.70,36.00,27.40,12.13,1.59
52343,38.00,13.70,36.00,27.40,12.13,1.59
52601,38.00,13.70,36.00,27.40,12.13,1.59
52826,38.00,13.70,36.00,27.40,12.13,1.59
53050,38.00,13.70,36.00,27.40,12.13,1.59
53282,38.00,13.60,36.00,27.40,11.98,1.74
53507,38.00,13.60,36.00,27.40,12.13,1.44
53731,38.00,13.60,36.00,27.40,12.15,1.67
53955,38.00,13.60,36.00,27.40,12.13,1.59
54178,38.00,13.60,36.00,27.40,12.15,1.52
54403,38.00,13.60,36.00,27.40,12.15,1.59
54627,38.00,13.60,36.00,27.40,12.13,1.59
54851,38.00,13.60,36.00,27.40,12.15,1.59
55075,38.00,13.60,36.00,27.40,12.13,1.52
55306,38.00,13.50,36.00,27.40,11.96,1.81
55529,38.00,13.50,36.00,27.40,12.15,1.67
55753,38.00,13.50,36.00,27.40,12.13,1.67
55981,38.00,13.50,36.00,27.40,12.13,1.67
56204,38.00,13.50,36.00,27.40,12.10,1.59
56428,38.00,13.50,36.00,27.40,12.15,1.59
56652,38.00,13.50,36.00,27.40,12.15,1.59
56909,38.00,13.50,36.00,27.40,12.13,1.59
57134,38.00,13.50,36.00,27.40,12.13,1.59
57365,38.10,13.40,36.00,27.30,11.98,1.74
57589,38.10,13.40,36.00,27.30,12.15,1.59
57814,38.10,13.40,36.00,27.30,12.13,1.52
58037,38.10,13.40,36.00,27.30,12.13,1.59
58261,38.10,13.40,36.00,27.30,12.15,1.59
58485,38.10,13.40,36.00,27.30,12.15,1.52
58712,38.10,13.40,36.00,27.30,12.13,1.67
58936,38.10,13.40,36.00,27.30,12.13,1.67
59160,38.10,13.40,36.00,27.30,12.13,1.67
59392,38.20,13.40,36.00,27.30,11.98,1.74
59616,38.20,13.40,36.00,27.30,12.52,-0.85
59840,38.20,13.40,36.00,27.30,12.52,-0.85
60064,38.20,13.40,36.00,27.30,12.52,-0.85
60288,38.20,13.40,36.00,27.30,12.52,-0.78
60512,38.20,13.40,36.00,27.30,12.52,-0.85
60736,38.20,13.40,36.00,27.30,12.49,-0.85
60960,38.20,13.40,36.00,27.30,12.52,-0.78
61185,38.20,13.40,36.00,27.30,12.52,-0.85
61452,38.30,13.40,36.00,27.30,12.35,-0.70
61676,38.30,13.40,36.00,27.30,12.54,-0.85
61899,38.30,13.40,36.00,27.30,12.52,-0.78
62124,38.30,13.40,36.00,27.30,12.52,-0.78
62348,38.30,13.40,36.00,27.30,12.52,-0.78
62572,38.30,13.40,36.00,27.30,12.49,-0.85
62796,38.30,13.40,36.00,27.30,12.52,-0.78
63020,38.30,13.40,36.00,27.30,12.52,-0.78
63244,38.30,13.40,36.00,27.30,12.49,-0.93
63475,38.40,13.30,36.00,27.30,12.35,-0.70
63699,38.40,13.30,36.00,27.30,12.52,-0.70
63924,38.40,13.30,36.00,27.30,12.52,-0.85
64150,38.40,13.30,36.00,27.30,12.52,-0.78
64374,38.40,13.30,36.00,27.30,12.49,-0.85
64599,38.40,13.30,36.00,27.30,12.52,-0.85
64823,38.40,13.30,36.00,27.30,12.49,-0.78
65046,38.40,13.30,36.00,27.30,12.52,-0.78
65270,38.40,13.30,36.00,27.30,12.52,-0.78
65502,38.50,13.20,36.00,27.30,12.37,-0.70
65726,38.50,13.20,36.00,27.30,12.52,-0.85
65985,38.50,13.20,36.00,27.30,12.52,-0.85
66209,38.50,13.20,36.00,27.30,12.49,-0.85
66434,38.50,13.20,36.00,27.30,12.52,-0.85
66657,38.50,13.20,36.00,27.30,12.52,-0.78
66884,38.50,13.20,36.00,27.30,12.49,-0.78
67108,38.50,13.20,36.00,27.30,12.52,-0.78
67332,38.50,13.20,36.00,27.30,12.52,-0.70
67562,38.50,13.10,36.00,27.20,12.35,-0.70
67786,38.50,13.10,36.00,27.20,12.52,-0.85
68011,38.50,13.10,36.00,27.20,12.49,-0.85
68235,38.50,13.10,36.00,27.20,12.52,-0.78
68459,38.50,13.10,36.00,27.20,12.52,-0.78
68682,38.50,13.10,36.00,27.20,12.52,-0.78
68907,38.50,13.10,36.00,27.20,12.52,-0.85
69131,38.50,13.10,36.00,27.20,12.52,-0.78
69355,38.50,13.10,36.00,27.20,12.49,-0.78
69587,38.50,13.00,36.10,27.30,12.37,-0.70
69812,38.50,13.00,36.10,27.30,12.54,-0.93
70036,38.50,13.00,36.10,27.30,12.52,-0.85
70294,38.50,13.00,36.10,27.30,12.52,-0.78
70518,38.50,13.00,36.10,27.30,12.49,-0.78
70743,38.50,13.00,36.10,27.30,12.52,-0.85
70966,38.50,13.00,36.10,27.30,12.52,-0.78
71190,38.50,13.00,36.10,27.30,12.52,-0.85
71414,38.50,13.00,36.10,27.30,12.49,-0.85
71646,38.60,12.90,36.10,27.30,12.35,-0.78
71870,38.60,12.90,36.10,27.30,12.52,-0.85
72093,38.60,12.90,36.10,27.30,12.49,-0.85
72321,38.60,12.90,36.10,27.30,12.52,-0.85
72545,38.60,12.90,36.10,27.30,12.49,-0.85
72768,38.60,12.90,36.10,27.30,12.52,-0.78
72992,38.60,12.90,36.10,27.30,12.52,-0.85
73217,38.60,12.90,36.10,27.30,12.52,-0.85
73441,38.60,12.90,36.10,27.30,12.49,-0.85
73671,38.60,12.80,36.10,27.20,12.35,-0.70
73895,38.60,12.80,36.10,27.20,12.54,-0.78
74119,38.60,12.80,36.10,27.20,12.49,-0.85
74343,38.60,12.80,36.10,27.20,12.52,-0.78
74567,38.60,12.80,36.10,27.20,12.52,-0.78
74825,38.60,12.80,36.10,27.20,12.52,-0.93
75053,38.60,12.80,36.10,27.20,12.52,-0.78
75276,38.60,12.80,36.10,27.20,12.52,-0.78
75500,38.60,12.80,36.10,27.20,12.52,-0.78
75731,38.60,12.80,36.10,27.20,12.35,-0.78
75956,38.60,12.80,36.10,27.20,12.52,-0.85
76180,38.60,12.80,36.10,27.20,12.52,-0.78
76403,38.60,12.80,36.10,27.20,12.52,-0.70
76627,38.60,12.80,36.10,27.20,12.52,-0.93
76852,38.60,12.80,36.10,27.20,12.49,-0.78
77076,38.60,12.80,36.10,27.20,12.52,-0.78
77300,38.60,12.80,36.10,27.20,12.52,-0.78
77523,38.60,12.80,36.10,27.20,12.49,-0.78
77758,38.60,12.80,36.10,27.20,12.35,-0.70
77982,38.60,12.80,36.10,27.20,12.52,-0.85
78206,38.60,12.80,36.10,27.20,12.52,-0.85
78430,38.60,12.80,36.10,27.20,12.52,-0.85
78654,38.60,12.80,36.10,27.20,12.52,-0.78
78878,38.60,12.80,36.10,27.20,12.49,-0.78
79102,38.60,12.80,36.10,27.20,12.52,-0.78
79425,38.60,12.80,36.10,27.20,12.49,-0.85
79649,38.60,12.80,36.10,27.20,12.49,-0.85
79880,38.60,12.80,36.10,27.20,12.08,1.15
80104,38.60,12.80,36.10,27.20,12.22,1.15
80327,38.60,12.80,36.10,27.20,12.22,1.15
80555,38.60,12.80,36.10,27.20,12.20,1.15
80778,38.60,12.80,36.10,27.20,12.20,1.07
81002,38.60,12.80,36.10,27.20,12.20,1.22
81226,38.60,12.80,36.10,27.20,12.18,1.15
81451,38.60,12.80,36.10,27.20,12.22,1.15
81675,38.60,12.80,36.10,27.20,12.20,1.22
81905,38.60,11.50,36.20,26.10,12.05,1.30
82128,38.60,11.50,36.20,26.10,12.22,1.15
82353,38.60,11.50,36.20,26.10,12.20,1.22
82577,38.60,11.50,36.20,26.10,12.20,1.30
82801,38.60,11.50,36.20,26.10,12.20,1.30
83024,38.60,11.50,36.20,26.10,12.20,1.30
83252,38.60,11.50,36.20,26.10,12.20,1.30
83476,38.60,11.50,36.20,26.10,12.18,1.30
83734,38.60,11.50,36.20,26.10,12.20,1.30
83963,38.60,12.80,36.20,27.20,12.03,1.37
84188,38.60,12.80,36.20,27.20,12.20,1.30
84412,38.60,12.80,36.20,27.20,12.20,1.30
84636,38.60,12.80,36.20,27.20,12.15,1.37
84859,38.60,12.80,36.20,27.20,12.18,1.37
85084,38.60,12.80,36.20,27.20,12.18,1.37
85308,38.60,12.80,36.20,27.20,12.18,1.37
85532,38.60,12.80,36.20,27.20,12.18,1.37
85755,38.60,12.80,36.20,27.20,12.18,1.37
85989,38.60,12.80,36.20,27.20,12.37,-0.78
86213,38.60,12.80,36.20,27.20,12.52,-0.78
86436,38.60,12.80,36.20,27.20,12.52,-0.85
86661,38.60,12.80,36.20,27.20,12.49,-0.78
86885,38.60,12.80,36.20,27.20,12.52,-0.78
87109,38.60,12.80,36.20,27.20,12.49,-0.78
87332,38.60,12.80,36.20,27.20,12.49,-0.85
87557,38.60,12.80,36.20,27.20,12.52,-0.85
87781,38.60,12.80,36.20,27.20,12.52,-0.85
88013,38.60,12.80,36.20,27.20,12.35,-0.70
88271,38.60,12.80,36.20,27.20,12.52,-0.78
88496,38.60,12.80,36.20,27.20,12.52,-0.85
88722,38.60,12.80,36.20,27.20,12.49,-0.78
88946,38.60,12.80,36.20,27.20,12.52,-0.85
89170,38.60,12.80,36.20,27.20,12.52,-0.85
89395,38.60,12.80,36.20,27.20,12.49,-0.85
89619,38.60,12.80,36.20,27.20,12.52,-0.78
89843,38.60,12.80,36.20,27.20,12.52,-0.78
90074,38.60,12.80,36.20,27.10,12.35,-0.78
90298,38.60,12.80,36.20,27.10,12.52,-0.85
90522,38.60,12.80,36.20,27.10,12.52,-0.85
90745,38.60,12.80,36.20,27.10,12.49,-0.78
90970,38.60,12.80,36.20,27.10,12.49,-0.78
91194,38.60,12.80,36.20,27.10,12.49,-0.78
91421,38.60,12.80,36.20,27.10,12.49,-0.78
91645,38.60,12.80,36.20,27.10,12.52,-0.78
91870,38.60,12.80,36.20,27.10,12.52,-0.78
92100,38.50,12.80,36.20,27.10,12.37,-0.70
92324,38.50,12.80,36.20,27.10,12.52,-0.85
92548,38.50,12.80,36.20,27.10,12.49,-0.85
92807,38.50,12.80,36.20,27.10,12.52,-0.78
93031,38.50,12.80,36.20,27.10,12.49,-0.78
93254,38.50,12.80,36.20,27.10,12.52,-0.85
93478,38.50,12.80,36.20,27.10,12.52,-0.78
93703,38.50,12.80,36.20,27.10,12.52,-0.78
93927,38.50,12.80,36.20,27.10,12.52,-0.85
94160,38.50,12.80,36.20,27.10,12.35,-0.70
94385,38.50,12.80,36.20,27.10,12.52,-0.85
94609,38.50,12.80,36.20,27.10,12.52,-0.85
94833,38.50,12.80,36.20,27.10,12.52,-0.85
95056,38.50,12.80,36.20,27.10,12.52,-0.93
95281,38.50,12.80,36.20,27.10,12.49,-0.78
95505,38.50,12.80,36.20,27.10,12.49,-0.85
95729,38.50,12.80,36.20,27.10,12.52,-0.85
95953,38.50,12.80,36.20,27.10,12.49,-0.85
96185,38.50,12.80,36.20,27.10,12.37,-0.70
96409,38.50,12.80,36.20,27.10,12.52,-0.85
96633,38.50,12.80,36.20,27.10,12.52,-0.93
96860,38.50,12.80,36.20,27.10,12.52,-0.85
97118,38.50,12.80,36.20,27.10,12.52,-0.78
97342,38.50,12.80,36.20,27.10,12.52,-0.85
97566,38.50,12.80,36.20,27.10,12.52,-0.78
97790,38.50,12.80,36.20,27.10,12.52,-0.93
98015,38.50,12.80,36.20,27.10,12.52,-0.85
98246,38.50,12.80,36.20,27.10,12.35,-0.70
98470,38.50,12.80,36.20,27.10,12.52,-0.78
98695,38.50,12.80,36.20,27.10,12.49,-0.85
98919,38.50,12.80,36.20,27.10,12.52,-0.85
99143,38.50,12.80,36.20,27.10,12.52,-0.93
99367,38.50,12.80,36.20,27.10,12.52,-0.85
99594,38.50,12.80,36.20,27.10,12.52,-0.85
99818,38.50,12.80,36.20,27.10,12.52,-0.93
100042,38.50,12.80,36.20,27.10,12.52,-0.85
100274,38.40,12.70,36.20,27.10,12.35,-0.70
100498,38.40,12.70,36.20,27.10,12.52,-0.85
100722,38.40,12.70,36.20,27.10,12.52,-0.85
100946,38.40,12.70,36.20,27.10,12.52,-0.78
101171,38.40,12.70,36.20,27.10,12.52,-0.85
101395,38.40,12.70,36.20,27.10,12.52,-0.78
101653,38.40,12.70,36.20,27.10,12.52,-0.85
101877,38.40,12.70,36.20,27.10,12.52,-0.78
102105,38.40,12.70,36.20,27.10,12.52,-0.78
102336,38.40,12.70,36.30,27.10,12.37,-0.70
102560,38.40,12.70,36.30,27.10,12.52,-0.85
102785,38.40,12.70,36.30,27.10,12.49,-0.85
103009,38.40,12.70,36.30,27.10,12.52,-0.78
103233,38.40,12.70,36.30,27.10,12.49,-0.85
103457,38.40,12.70,36.30,27.10,12.49,-0.78
103682,38.40,12.70,36.30,27.10,12.52,-0.78
103906,38.40,12.70,36.30,27.10,12.52,-0.85
104130,38.40,12.70,36.30,27.10,12.52,-0.78
104361,38.40,12.70,36.30,27.10,12.35,-0.78
104586,38.40,12.70,36.30,27.10,12.52,-0.93
104813,38.40,12.70,36.30,27.10,12.49,-0.85
105037,38.40,12.70,36.30,27.10,12.52,-0.85
105262,38.40,12.70,36.30,27.10,12.52,-0.93
105486,38.40,12.70,36.30,27.10,12.52,-0.93
105710,38.40,12.70,36.30,27.10,12.49,-0.85
105934,38.40,12.70,36.30,27.10,12.49,-0.85
106192,38.40,12.70,36.30,27.10,12.52,-0.85
106424,38.30,12.70,36.30,27.10,12.37,-0.78
106648,38.30,12.70,36.30,27.10,12.52,-0.85
106872,38.30,12.70,36.30,27.10,12.49,-0.85
107097,38.30,12.70,36.30,27.10,12.49,-0.85
107321,38.30,12.70,36.30,27.10,12.49,-0.78
107547,38.30,12.70,36.30,27.10,12.52,-0.85
107771,38.30,12.70,36.30,27.10,12.52,-0.85
107996,38.30,12.70,36.30,27.10,12.49,-0.85
108220,38.30,12.70,36.30,27.10,12.52,-0.93
108451,38.30,12.70,36.30,27.10,12.35,-0.63
108676,38.30,12.70,36.30,27.10,12.57,-0.85
108900,38.30,12.70,36.30,27.10,12.49,-0.78
109124,38.30,12.70,36.30,27.10,12.52,-0.85
109348,38.30,12.70,36.30,27.10,12.49,-0.85
109573,38.30,12.70,36.30,27.10,12.52,-0.85
109797,38.30,12.70,36.30,27.10,12.52,-0.85
110024,38.30,12.70,36.30,27.10,12.52,-0.78
110248,38.30,12.70,36.30,27.10,12.49,-0.85
110515,38.20,12.60,36.30,27.10,12.35,-0.70
110739,38.20,12.60,36.30,27.10,12.52,-0.78
110963,38.20,12.60,36.30,27.10,12.49,-0.85
111187,38.20,12.60,36.30,27.10,12.49,-0.85
111412,38.20,12.60,36.30,27.10,12.52,-0.93
111636,38.20,12.60,36.30,27.10,12.49,-0.85
111860,38.20,12.60,36.30,27.10,12.49,-0.85
112084,38.20,12.60,36.30,27.10,12.52,-0.78
112309,38.20,12.60,36.30,27.10,12.52,-0.85
112540,38.20,12.60,36.30,27.10,12.37,-0.85
112766,38.20,12.60,36.30,27.10,12.52,-0.85
112991,38.20,12.60,36.30,27.10,12.52,-0.93
113215,38.20,12.60,36.30,27.10,12.49,-0.85
113439,38.20,12.60,36.30,27.10,12.49,-0.85
113664,38.20,12.60,36.30,27.10,12.49,-0.85
113888,38.20,12.60,36.30,27.10,12.49,-0.85
114112,38.20,12.60,36.30,27.10,12.49,-0.85
114336,38.20,12.60,36.30,27.10,12.52,-0.85
114568,38.10,12.70,36.30,27.10,12.35,-0.78
114792,38.10,12.70,36.30,27.10,12.52,-0.85
115051,38.10,12.70,36.30,27.10,12.52,-0.93
115275,38.10,12.70,36.30,27.10,12.52,-0.78
115502,38.10,12.70,36.30,27.10,12.52,-0.85
115726,38.10,12.70,36.30,27.10,12.52,-0.85
115950,38.10,12.70,36.30,27.10,12.49,-0.85
116174,38.10,12.70,36.30,27.10,12.49,-0.85
116399,38.10,12.70,36.30,27.10,12.49,-0.78
116630,38.10,12.80,36.30,27.10,12.35,-0.78
116853,38.10,12.80,36.30,27.10,12.52,-0.93
117078,38.10,12.80,36.30,27.10,12.52,-0.93
117302,38.10,12.80,36.30,27.10,12.52,-0.78
117526,38.10,12.80,36.30,27.10,12.49,-0.85
117750,38.10,12.80,36.30,27.10,12.52,-0.85
117978,38.10,12.80,36.30,27.10,12.52,-0.85
118202,38.10,12.80,36.30,27.10,12.49,-0.85
118426,38.10,12.80,36.30,27.10,12.25,0.93
118657,38.00,12.90,36.30,27.10,12.08,1.07
118881,38.00,12.90,36.30,27.10,12.22,0.85
119105,38.00,12.90,36.30,27.10,12.25,1.00
119329,38.00,12.90,36.30,27.10,12.20,1.07
119586,38.00,12.90,36.30,27.10,12.22,1.07
119811,38.00,12.90,36.30,27.10,12.20,1.07
120035,38.00,12.90,36.30,27.10,12.22,1.07
120259,38.00,12.90,36.30,27.10,12.25,1.07
120483,38.00,12.90,36.30,27.10,12.20,1.07
120718,38.00,11.70,36.30,25.90,12.05,1.15
120942,38.00,11.70,36.30,25.90,12.25,1.07
121166,38.00,11.70,36.30,25.90,12.22,1.15
121391,38.00,11.70,36.30,25.90,12.22,1.15
121614,38.00,11.70,36.30,25.90,12.20,1.15
121838,38.00,11.70,36.30,25.90,12.22,1.22
122062,38.00,11.70,36.30,25.90,12.22,1.07
122287,38.00,11.70,36.30,25.90,12.52,-0.78
122511,38.00,11.70,36.30,25.90,12.52,-0.78
122742,37.90,13.00,36.30,27.10,12.35,-0.78
122967,37.90,13.00,36.30,27.10,12.54,-0.85
123191,37.90,13.00,36.30,27.10,12.52,-0.85
123417,37.90,13.00,36.30,27.10,12.49,-0.85
123641,37.90,13.00,36.30,27.10,12.49,-0.78
123899,37.90,13.00,36.30,27.10,12.49,-0.78
124124,37.90,13.00,36.30,27.10,12.52,-0.85
124348,37.90,13.00,36.30,27.10,12.22,1.00
124572,37.90,13.00,36.30,27.10,12.22,1.07
124804,37.90,13.00,36.30,27.10,12.08,1.22
125028,37.90,13.00,36.30,27.10,12.25,1.15
125251,37.90,13.00,36.30,27.10,12.22,1.07
125475,37.90,13.00,36.30,27.10,12.20,1.15
125700,37.90,13.00,36.30,27.10,12.22,1.22
125924,37.90,13.00,36.30,27.10,12.22,1.15
126151,37.90,13.00,36.30,27.10,12.20,1.15
126374,37.90,13.00,36.30,27.10,12.22,1.15
126599,37.90,13.00,36.30,27.10,12.20,1.22
126830,37.80,13.10,36.30,27.20,12.05,1.30
127054,37.80,13.10,36.30,27.20,12.22,1.15
127279,37.80,13.10,36.30,27.20,12.22,1.15
127502,37.80,13.10,36.30,27.20,12.18,1.22
127726,37.80,13.10,36.30,27.20,12.22,1.22
127950,37.80,13.10,36.30,27.20,12.22,1.30
128175,37.80,13.10,36.30,27.20,12.20,1.22
128434,37.80,13.10,36.30,27.20,12.22,1.22
128657,37.80,13.10,36.30,27.20,12.20,1.22
128891,37.80,13.10,36.30,27.10,12.03,1.37
129116,37.80,13.10,36.30,27.10,12.22,1.22
129339,37.80,13.10,36.30,27.10,12.20,1.30
129563,37.80,13.10,36.30,27.10,12.20,1.30
129787,37.80,13.10,36.30,27.10,12.20,1.22
130012,37.80,13.10,36.30,27.10,12.20,1.30
130236,37.80,13.10,36.30,27.10,12.20,1.30
130460,37.80,13.10,36.30,27.10,12.20,1.30
130684,37.80,13.10,36.30,27.10,12.20,1.30
130915,37.70,13.10,36.30,27.10,12.03,1.37
131139,37.70,13.10,36.30,27.10,12.22,1.37
131363,37.70,13.10,36.30,27.10,12.20,1.30
131591,37.70,13.10,36.30,27.10,12.20,1.37
131814,37.70,13.10,36.30,27.10,12.20,1.30
132038,37.70,13.10,36.30,27.10,12.20,1.30
132262,37.70,13.10,36.30,27.10,12.20,1.30
132487,37.70,13.10,36.30,27.10,12.20,1.37
132711,37.70,13.10,36.30,27.10,12.20,1.30
132976,37.70,13.20,36.30,27.10,12.03,1.44
133200,37.70,13.20,36.30,27.10,12.20,1.37
133425,37.70,13.20,36.30,27.10,12.18,1.30
133648,37.70,13.20,36.30,27.10,12.20,1.37
133872,37.70,13.20,36.30,27.10,12.20,1.30
134099,37.70,13.20,36.30,27.10,12.18,1.37
134324,37.70,13.20,36.30,27.10,12.20,1.37
134548,37.70,13.20,36.30,27.10,12.18,1.30
134771,37.70,13.20,36.30,27.10,12.18,1.30
135003,37.60,13.20,36.30,27.10,12.03,1.44
135227,37.60,13.20,36.30,27.10,12.18,1.30
135451,37.60,13.20,36.30,27.10,12.20,1.37
135675,37.60,13.20,36.30,27.10,12.18,1.30
135899,37.60,13.20,36.30,27.10,12.18,1.37
136123,37.60,13.20,36.30,27.10,12.18,1.44
136347,37.60,13.20,36.30,27.10,12.18,1.37
136571,37.60,13.20,36.30,27.10,12.18,1.37
136799,37.60,13.20,36.30,27.10,12.18,1.44
137029,37.70,13.30,36.30,27.10,12.03,1.44
137288,37.70,13.30,36.30,27.10,12.20,1.37
137512,37.70,13.30,36.30,27.10,12.18,1.37
137737,37.70,13.30,36.30,27.10,12.18,1.37
137960,37.70,13.30,36.30,27.10,12.18,1.37
138184,37.70,13.30,36.30,27.10,12.18,1.37
138408,37.70,13.30,36.30,27.10,12.18,1.44
138633,37.70,13.30,36.30,27.10,12.18,1.37
138857,37.70,13.30,36.30,27.10,12.18,1.44
139088,37.60,13.20,36.30,27.10,12.03,1.52
139313,37.60,13.20,36.30,27.10,12.20,1.44
139539,37.60,13.20,36.30,27.10,12.18,1.44
139763,37.60,13.20,36.30,27.10,12.18,1.44
139987,37.60,13.20,36.30,27.10,12.18,1.37
140212,37.60,13.20,36.30,27.10,12.18,1.44
140436,37.60,13.20,36.30,27.10,12.18,1.44
140660,37.60,13.20,36.30,27.10,12.18,1.52
140884,37.60,13.20,36.30,27.10,12.18,1.44
141115,37.70,13.30,36.30,27.10,12.03,1.59
141339,37.70,13.30,36.30,27.10,12.20,1.44
141563,37.70,13.30,36.30,27.10,12.18,1.44
141821,37.70,13.30,36.30,27.10,12.18,1.37
142046,37.70,13.30,36.30,27.10,12.15,1.44
142273,37.70,13.30,36.30,27.10,12.18,1.52
142497,37.70,13.30,36.30,27.10,12.18,1.37
142722,37.70,13.30,36.30,27.10,12.15,1.44
142945,37.70,13.30,36.30,27.10,12.18,1.44
143176,37.70,13.30,36.30,27.10,12.00,1.52
143400,37.70,13.30,36.30,27.10,12.20,1.44
143625,37.70,13.30,36.30,27.10,12.18,1.52
143849,37.70,13.30,36.30,27.10,12.18,1.52
144073,37.70,13.30,36.30,27.10,12.18,1.52
144296,37.70,13.30,36.30,27.10,12.18,1.52
144521,37.70,13.30,36.30,27.10,12.15,1.52
144745,37.70,13.30,36.30,27.10,12.15,1.52
144972,37.70,13.30,36.30,27.10,12.18,1.44
145203,37.70,13.30,36.20,27.10,11.98,1.59
145427,37.70,13.30,36.20,27.10,12.18,1.44
145651,37.70,13.30,36.20,27.10,12.15,1.52
145875,37.70,13.30,36.20,27.10,12.15,1.52
146100,37.70,13.30,36.20,27.10,12.18,1.44
146357,37.70,13.30,36.20,27.10,12.15,1.44
146581,37.70,13.30,36.20,27.10,12.15,1.44
146805,37.70,13.30,36.20,27.10,12.18,1.37
147030,37.70,13.30,36.20,27.10,12.15,1.52
147259,37.70,13.30,36.20,27.10,11.98,1.59
147483,37.70,13.30,36.20,27.10,12.18,1.44
147710,37.70,13.30,36.20,27.10,12.15,1.44
147935,37.70,13.30,36.20,27.10,12.18,1.52
148159,37.70,13.30,36.20,27.10,12.15,1.44
148382,37.70,13.30,36.20,27.10,12.18,1.52
148606,37.70,13.30,36.20,27.10,12.15,1.52
148831,37.70,13.30,36.20,27.10,12.18,1.37
149055,37.70,13.30,36.20,27.10,12.18,1.59
149286,37.70,13.30,36.20,27.10,12.00,1.67
149511,37.70,13.30,36.20,27.10,12.18,1.44
149734,37.70,13.30,36.20,27.10,12.15,1.44
149958,37.70,13.30,36.20,27.10,12.15,1.44
150182,37.70,13.30,36.20,27.10,12.15,1.52
150410,37.70,13.30,36.20,27.10,12.18,1.44
150669,37.70,13.30,36.20,27.10,12.52,-0.85
150893,37.70,13.30,36.20,27.10,12.52,-0.85
151117,37.70,13.30,36.20,27.10,12.52,-0.85
151348,37.70,13.30,36.20,27.10,12.35,-0.70
151572,37.70,13.30,36.20,27.10,12.52,-0.93
151796,37.70,13.30,36.20,27.10,12.49,-0.85
152020,37.70,13.30,36.20,27.10,12.52,-0.85
152245,37.70,13.30,36.20,27.10,12.52,-0.85
152469,37.70,13.30,36.20,27.10,12.49,-0.85
152693,37.70,13.30,36.20,27.10,12.49,-0.93
152916,37.70,13.30,36.20,27.10,12.52,-0.85
153144,37.70,13.30,36.20,27.10,12.52,-0.85
153375,37.80,13.40,36.20,27.10,12.35,-0.78
153600,37.80,13.40,36.20,27.10,12.52,-0.85
153824,37.80,13.40,36.20,27.10,12.52,-0.78
154048,37.80,13.40,36.20,27.10,12.52,-0.78
154272,37.80,13.40,36.20,27.10,12.49,-0.93
154497,37.80,13.40,36.20,27.10,12.49,-0.78
154721,37.80,13.40,36.20,27.10,12.18,1.22
154944,37.80,13.40,36.20,27.10,12.20,1.30
155204,37.80,13.40,36.20,27.10,12.18,1.30
155435,37.80,13.30,36.30,27.10,12.03,1.44
155661,37.80,13.30,36.30,27.10,12.20,1.37
155885,37.80,13.30,36.30,27.10,12.20,1.37
156109,37.80,13.30,36.30,27.10,12.20,1.44
156334,37.80,13.30,36.30,27.10,12.20,1.30
156558,37.80,13.30,36.30,27.10,12.18,1.44
156782,37.80,13.30,36.30,27.10,12.20,1.37
157006,37.80,13.30,36.30,27.10,12.20,1.44
157231,37.80,13.30,36.30,27.10,12.20,1.30
157461,37.90,13.30,36.20,27.10,12.05,1.44
157685,37.90,13.30,36.20,27.10,12.20,1.44
157910,37.90,13.30,36.20,27.10,12.20,1.37
158134,37.90,13.30,36.20,27.10,12.20,1.44
158360,37.90,13.30,36.20,27.10,12.18,1.30
158584,37.90,13.30,36.20,27.10,12.18,1.44
158809,37.90,13.30,36.20,27.10,12.18,1.37
159033,37.90,13.30,36.20,27.10,12.18,1.44
159257,37.90,13.30,36.20,27.10,12.20,1.37
159488,38.00,13.30,36.30,27.10,12.03,1.52
159747,38.00,13.30,36.30,27.10,12.20,1.44
159971,38.00,13.30,36.30,27.10,12.18,1.52
160195,38.00,13.30,36.30,27.10,12.20,1.52
160418,38.00,13.30,36.30,27.10,12.20,1.52
160643,38.00,13.30,36.30,27.10,12.18,1.37
160867,38.00,13.30,36.30,27.10,12.52,-0.85
161094,38.00,13.30,36.30,27.10,12.52,-0.70
161318,38.00,13.30,36.30,27.10,12.52,-0.85
161549,37.90,13.30,36.30,27.10,12.35,-0.78
161773,37.90,13.30,36.30,27.10,12.52,-0.93
161997,37.90,13.30,36.30,27.10,12.52,-0.85
162222,37.90,13.30,36.30,27.10,12.49,-0.85
162445,37.90,13.30,36.30,27.10,12.52,-0.85
162669,37.90,13.30,36.30,27.10,12.49,-0.85
162893,37.90,13.30,36.30,27.10,12.49,-0.85
163118,37.90,13.30,36.30,27.10,12.49,-0.85
163342,37.90,13.30,36.30,27.10,12.52,-0.85
163573,38.00,13.30,36.30,27.10,12.37,-0.78
163801,38.00,13.30,36.30,27.10,12.52,-0.85
164059,38.00,13.30,36.30,27.10,12.52,-0.93
164283,38.00,13.30,36.30,27.10,12.49,-0.93
164507,38.00,13.30,36.30,27.10,12.49,-0.85
164731,38.00,13.30,36.30,27.10,12.52,-0.93
164955,38.00,13.30,36.30,27.10,12.49,-0.85
165179,38.00,13.30,36.30,27.10,12.52,-0.93
165403,38.00,13.30,36.30,27.10,12.52,-0.85
165635,38.00,13.20,36.30,27.10,12.37,-0.78
165859,38.00,13.20,36.30,27.10,12.52,-0.85
166083,38.00,13.20,36.30,27.10,12.49,-0.85
166310,38.00,13.20,36.30,27.10,12.49,-0.93
166534,38.00,13.20,36.30,27.10,12.49,-0.85
166758,38.00,13.20,36.30,27.10,12.52,-0.85
166982,38.00,13.20,36.30,27.10,12.49,-0.85
167206,38.00,13.20,36.30,27.10,12.49,-0.78
167431,38.00,13.20,36.30,27.10,12.52,-0.85
167662,38.00,13.20,36.30,27.10,12.35,-0.78
167886,38.00,13.20,36.30,27.10,12.52,-0.85
168111,38.00,13.20,36.30,27.10,12.52,-0.85
168335,38.00,13.20,36.30,27.10,12.49,-0.85
168594,38.00,13.20,36.30,27.10,12.52,-0.85
168818,38.00,13.20,36.30,27.10,12.49,-0.85
169044,38.00,13.20,36.30,27.10,12.49,-0.85
169269,38.00,13.20,36.30,27.10,12.49,-0.85
169493,38.00,13.20,36.30,27.10,12.52,-0.85
169724,38.10,13.10,36.30,27.10,12.37,-0.78
169948,38.10,13.10,36.30,27.10,12.52,-0.93
170172,38.10,13.10,36.30,27.10,12.52,-0.93
170396,38.10,13.10,36.30,27.10,12.49,-0.85
170620,38.10,13.10,36.30,27.10,12.52,-0.78
170845,38.10,13.10,36.30,27.10,12.52,-0.93
171069,38.10,13.10,36.30,27.10,12.49,-0.85
171293,38.10,13.10,36.30,27.10,12.49,-0.85
171517,38.10,13.10,36.30,27.10,12.52,-0.85
171751,38.10,13.10,36.30,27.10,12.35,-0.78
171975,38.10,13.10,36.30,27.10,12.52,-0.93
172199,38.10,13.10,36.30,27.10,12.52,-0.78
172424,38.10,13.10,36.30,27.10,12.52,-0.85
172648,38.10,13.10,36.30,27.10,12.52,-0.85
172871,38.10,13.10,36.30,27.10,12.52,-0.85
173130,38.10,13.10,36.30,27.10,12.52,-0.78
173353,38.10,13.10,36.30,27.10,12.49,-0.78
173578,38.10,13.10,36.30,27.10,12.49,-0.93
173809,38.10,13.10,36.30,27.10,12.35,-0.70
174033,38.10,13.10,36.30,27.10,12.52,-0.85
174270,38.10,13.10,36.30,27.10,12.49,-0.78
174496,38.10,13.10,36.30,27.10,12.52,-0.78
174723,38.10,13.10,36.30,27.10,12.49,-0.85
174949,38.10,13.10,36.30,27.10,12.49,-0.78
175175,38.10,13.10,36.30,27.10,12.52,-0.85
175401,38.10,13.10,36.30,27.10,12.52,-0.85
175629,38.10,13.10,36.30,27.10,12.49,-0.78
175861,38.10,13.10,36.30,27.10,12.37,-0.78
176088,38.10,13.10,36.30,27.10,12.52,-0.78
176314,38.10,13.10,36.30,27.10,12.52,-0.85
176541,38.10,13.10,36.30,27.10,12.52,-0.78
176768,38.10,13.10,36.30,27.10,12.54,-0.85
176996,38.10,13.10,36.30,27.10,12.49,-0.85
177258,38.10,13.10,36.30,27.10,12.49,-0.85
177484,38.10,13.10,36.30,27.10,12.52,-0.85
177711,38.10,13.10,36.30,27.10,12.49,-0.85
177944,38.10,13.00,36.30,27.10,12.35,-0.78
178170,38.10,13.00,36.30,27.10,12.52,-0.85
178397,38.10,13.00,36.30,27.10,12.52,-0.85
178623,38.10,13.00,36.30,27.10,12.52,-0.85
178849,38.10,13.00,36.30,27.10,12.49,-0.78
179077,38.10,13.00,36.30,27.10,12.49,-0.85
179303,38.10,13.00,36.30,27.10,12.49,-0.78
179529,38.10,13.00,36.30,27.10,12.52,-0.85
179759,38.10,13.00,36.30,27.10,12.52,-0.85
179992,38.10,13.00,36.30,27.10,12.35,-0.70
180218,38.10,13.00,36.30,27.10,12.52,-0.85
180446,38.10,13.00,36.30,27.10,12.49,-0.85
180672,38.10,13.00,36.30,27.10,12.49,-0.85
180898,38.10,13.00,36.30,27.10,12.49,-0.85
181125,38.10,13.00,36.30,27.10,12.49,-0.85
181351,38.10,13.00,36.30,27.10,12.49,-0.78
181577,38.10,13.00,36.30,27.10,12.49,-0.85
181838,38.10,13.00,36.30,27.10,12.52,-0.78
182072,38.10,13.00,36.30,27.10,12.37,-0.70
182301,38.10,13.00,36.30,27.10,12.52,-0.85
182528,38.10,13.00,36.30,27.10,12.49,-0.85
182754,38.10,13.00,36.30,27.10,12.52,-0.85
182980,38.10,13.00,36.30,27.10,12.49,-0.85
183207,38.10,13.00,36.30,27.10,12.52,-0.85
183434,38.10,13.00,36.30,27.10,12.49,-0.85
183660,38.10,13.00,36.30,27.10,12.49,-0.78
183886,38.10,13.00,36.30,27.10,12.49,-0.85
184120,38.10,13.00,36.30,27.10,12.35,-0.70
184347,38.10,13.00,36.30,27.10,12.52,-0.78
184573,38.10,13.00,36.30,27.10,12.52,-0.85
184800,38.10,13.00,36.30,27.10,12.52,-0.85
185029,38.10,13.00,36.30,27.10,12.52,-0.85
185255,38.10,13.00,36.30,27.10,12.49,-0.85
185482,38.10,13.00,36.30,27.10,12.49,-0.85
185708,38.10,13.00,36.30,27.10,12.49,-0.85
185934,38.10,13.00,36.30,27.10,12.49,-0.85
186168,38.10,13.10,36.30,27.10,12.35,-0.78
186428,38.10,13.10,36.30,27.10,12.52,-0.85
186654,38.10,13.10,36.30,27.10,12.52,-0.78
186882,38.10,13.10,36.30,27.10,12.52,-0.78
187108,38.10,13.10,36.30,27.10,12.49,-0.85
187334,38.10,13.10,36.30,27.10,12.52,-0.93
187564,38.10,13.10,36.30,27.10,12.49,-0.85
187790,38.10,13.10,36.30,27.10,12.52,-0.85
188016,38.10,13.10,36.30,27.10,12.52,-0.85
188249,38.00,13.10,36.30,27.10,12.35,-0.70
188475,38.00,13.10,36.30,27.10,12.52,-0.85
188701,38.00,13.10,36.30,27.10,12.52,-0.93
188929,38.00,13.10,36.30,27.10,12.49,-0.85
189155,38.00,13.10,36.30,27.10,12.52,-0.78
189381,38.00,13.10,36.30,27.10,12.49,-0.85
189607,38.00,13.10,36.30,27.10,12.49,-0.93
189834,38.00,13.10,36.30,27.10,12.52,-0.85
190060,38.00,13.10,36.30,27.10,12.52,-0.93
190296,38.00,13.10,36.30,27.10,12.35,-0.78
190522,38.00,13.10,36.30,27.10,12.52,-0.85
190783,38.00,13.10,36.30,27.10,12.49,-0.78
191009,38.00,13.10,36.30,27.10,12.52,-0.85
191236,38.00,13.10,36.30,27.10,12.49,-0.85
191462,38.00,13.10,36.30,27.10,12.49,-0.78
191688,38.00,13.10,36.30,27.10,12.49,-0.85
191915,38.00,13.10,36.30,27.10,12.49,-0.78
192141,38.00,13.10,36.30,27.10,12.52,-0.85
192375,38.00,13.10,36.30,27.10,12.35,-0.70
192602,38.00,13.10,36.30,27.10,12.52,-0.93
192828,38.00,13.10,36.30,27.10,12.52,-0.85
193056,38.00,13.10,36.30,27.10,12.49,-0.78
193283,38.00,13.10,36.30,27.10,12.52,-0.85
193510,38.00,13.10,36.30,27.10,12.52,-0.78
193736,38.00,13.10,36.30,27.10,12.49,-0.85
193963,38.00,13.10,36.30,27.10,12.49,-0.85
194189,38.00,13.10,36.30,27.10,12.49,-0.85
194422,37.90,13.10,36.30,27.10,12.35,-0.70
194649,37.90,13.10,36.30,27.10,12.52,-0.85
194875,37.90,13.10,36.30,27.10,12.52,-0.85
195101,37.90,13.10,36.30,27.10,12.52,-0.78
195361,37.90,13.10,36.30,27.10,12.27,0.93
195590,37.90,13.10,36.30,27.10,12.25,0.93
195816,37.90,13.10,36.30,27.10,12.25,0.93
196043,37.90,13.10,36.30,27.10,12.25,1.07
196270,37.90,13.10,36.30,27.10,12.22,1.00
196502,37.90,13.20,36.30,27.10,12.10,1.07
196728,37.90,13.20,36.30,27.10,12.27,1.07
196955,37.90,13.20,36.30,27.10,12.22,1.00
197181,37.90,13.20,36.30,27.10,12.22,1.15
197407,37.90,13.20,36.30,27.10,12.25,1.07
197634,37.90,13.20,36.30,27.10,12.25,1.07
197860,37.90,13.20,36.30,27.10,12.22,1.07
198086,37.90,13.20,36.30,27.10,12.22,1.07
198316,37.90,13.20,36.30,27.10,12.22,1.00
198549,37.80,11.90,36.30,25.90,12.08,1.30
198775,37.80,11.90,36.30,25.90,12.25,1.15
199002,37.80,11.90,36.30,25.90,12.20,1.15
199228,37.80,11.90,36.30,25.90,12.22,1.15
199454,37.80,11.90,36.30,25.90,12.22,1.15
199681,37.80,11.90,36.30,25.90,12.22,1.22
199942,37.80,11.90,36.30,25.90,12.22,1.22
200168,37.80,11.90,36.30,25.90,12.22,1.15
200394,37.80,11.90,36.30,25.90,12.20,1.22
200627,37.80,13.20,36.30,27.10,12.08,1.37
200853,37.80,13.20,36.30,27.10,12.22,1.22
201082,37.80,13.20,36.30,27.10,12.20,1.15
201309,37.80,13.20,36.30,27.10,12.20,1.30
201535,37.80,13.20,36.30,27.10,12.20,1.22
201761,37.80,13.20,36.30,27.10,12.22,1.30
201988,37.80,13.20,36.30,27.10,12.22,1.30
202214,37.80,13.20,36.30,27.10,12.22,1.30
202440,37.80,13.20,36.30,27.10,12.22,1.22
202674,37.70,13.20,36.20,27.00,12.08,1.44
202900,37.70,13.20,36.20,27.00,12.22,1.22
203126,37.70,13.20,36.20,27.00,12.20,1.30
203353,37.70,13.20,36.20,27.00,12.20,1.30
203579,37.70,13.20,36.20,27.00,12.20,1.30
203808,37.70,13.20,36.20,27.00,12.20,1.30
204035,37.70,13.20,36.20,27.00,12.22,1.30
204296,37.70,13.20,36.20,27.00,12.20,1.30
204522,37.70,13.20,36.20,27.00,12.20,1.30
204754,37.70,13.30,36.30,27.10,12.03,1.37
204981,37.70,13.30,36.30,27.10,12.22,1.22
205207,37.70,13.30,36.30,27.10,12.20,1.37
205433,37.70,13.30,36.30,27.10,12.22,1.37
205660,37.70,13.30,36.30,27.10,12.20,1.37
205887,37.70,13.30,36.30,27.10,12.22,1.37
206113,37.70,13.30,36.30,27.10,12.20,1.30
206340,37.70,13.30,36.30,27.10,12.20,1.37
206568,37.70,13.30,36.30,27.10,12.20,1.30
206801,37.60,13.20,36.30,27.10,12.05,1.44
207028,37.60,13.20,36.30,27.10,12.22,1.30
207254,37.60,13.20,36.30,27.10,12.20,1.30
207480,37.60,13.20,36.30,27.10,12.20,1.44
207707,37.60,13.20,36.30,27.10,12.20,1.37
207933,37.60,13.20,36.30,27.10,12.22,1.37
208159,37.60,13.20,36.30,27.10,12.20,1.37
208387,37.60,13.20,36.30,27.10,12.20,1.44
208613,37.60,13.20,36.30,27.10,12.18,1.37
208879,37.60,13.30,36.30,27.10,12.03,1.44
209105,37.60,13.30,36.30,27.10,12.18,1.37
209335,37.60,13.30,36.30,27.10,12.20,1.37
209561,37.60,13.30,36.30,27.10,12.20,1.44
209787,37.60,13.30,36.30,27.10,12.15,1.37
210014,37.60,13.30,36.30,27.10,12.20,1.37
210240,37.60,13.30,36.30,27.10,12.18,1.37
210466,37.60,13.30,36.30,27.10,12.20,1.37
210693,37.60,13.30,36.30,27.10,12.20,1.44
210925,37.60,13.30,36.30,27.10,12.03,1.52
211152,37.60,13.30,36.30,27.10,12.20,1.44
211378,37.60,13.30,36.30,27.10,12.20,1.37
211604,37.60,13.30,36.30,27.10,12.20,1.44
211831,37.60,13.30,36.30,27.10,12.20,1.44
212060,37.60,13.30,36.30,27.10,12.18,1.44
212286,37.60,13.30,36.30,27.10,12.20,1.37
212512,37.60,13.30,36.30,27.10,12.18,1.37
212739,37.60,13.30,36.30,27.10,12.20,1.52
212972,37.60,13.30,36.30,27.10,12.05,1.52
213198,37.60,13.30,36.30,27.10,12.18,1.44
213458,37.60,13.30,36.30,27.10,12.52,-0.85
213685,37.60,13.30,36.30,27.10,12.49,-0.85
213911,37.60,13.30,36.30,27.10,12.49,-0.85
214137,37.60,13.30,36.30,27.10,12.49,-0.78
214364,37.60,13.30,36.30,27.10,12.49,-0.85
214590,37.60,13.30,36.30,27.10,12.49,-0.93
214819,37.60,13.30,36.30,27.10,12.49,-0.78
215052,37.60,13.40,36.30,27.10,12.35,-0.78
215278,37.60,13.40,36.30,27.10,12.52,-0.93
215504,37.60,13.40,36.30,27.10,12.52,-0.78
215731,37.60,13.40,36.30,27.10,12.49,-0.85
215957,37.60,13.40,36.30,27.10,12.49,-0.85
216183,37.60,13.40,36.30,27.10,12.52,-0.85
216410,37.60,13.40,36.30,27.10,12.49,-0.78
216636,37.60,13.40,36.30,27.10,12.52,-0.85
216862,37.60,13.40,36.30,27.10,12.49,-0.85
217096,37.60,13.40,36.30,27.10,12.35,-0.70
217324,37.60,13.40,36.30,27.10,12.52,-0.93
217551,37.60,13.40,36.30,27.10,12.22,1.22
217812,37.60,13.40,36.30,27.10,12.22,1.22
218039,37.60,13.40,36.30,27.10,12.22,1.30
218265,37.60,13.40,36.30,27.10,12.25,1.15
218491,37.60,13.40,36.30,27.10,12.22,1.30
218718,37.60,13.40,36.30,27.10,12.22,1.30
218944,37.60,13.40,36.30,27.10,12.22,1.22
219177,37.60,13.30,36.30,27.10,12.03,1.44
219404,37.60,13.30,36.30,27.10,12.20,1.37
219630,37.60,13.30,36.30,27.10,12.18,1.37
219856,37.60,13.30,36.30,27.10,12.20,1.37
220086,37.60,13.30,36.30,27.10,12.22,1.30
220312,37.60,13.30,36.30,27.10,12.20,1.30
220538,37.60,13.30,36.30,27.10,12.20,1.30
220765,37.60,13.30,36.30,27.10,12.20,1.37
220991,37.60,13.30,36.30,27.10,12.20,1.44
221224,37.60,13.30,36.30,27.10,12.05,1.52
221451,37.60,13.30,36.30,27.10,12.22,1.30
221677,37.60,13.30,36.30,27.10,12.49,-0.78
221903,37.60,13.30,36.30,27.10,12.52,-0.85
222130,37.60,13.30,36.30,27.10,12.49,-0.85
222391,37.60,13.30,36.30,27.10,12.49,-0.78
222617,37.60,13.30,36.30,27.10,12.52,-0.85
222846,37.60,13.30,36.30,27.10,12.49,-0.85
223073,37.60,13.30,36.30,27.10,12.52,-0.78
223306,37.60,13.40,36.30,27.10,12.35,-0.70
223533,37.60,13.40,36.30,27.10,12.52,-0.85
223759,37.60,13.40,36.30,27.10,12.22,1.22
223985,37.60,13.40,36.30,27.10,12.22,1.22
224211,37.60,13.40,36.30,27.10,12.22,1.30
224438,37.60,13.40,36.30,27.10,12.22,1.30
224664,37.60,13.40,36.30,27.10,12.20,1.30
224890,37.60,13.40,36.30,27.10,12.20,1.37
225117,37.60,13.40,36.30,27.10,12.22,1.37
225350,37.60,13.40,36.20,27.10,12.05,1.44
225579,37.60,13.40,36.20,27.10,12.25,1.30
225805,37.60,13.40,36.20,27.10,12.20,1.30
226031,37.60,13.40,36.20,27.10,12.22,1.30
226257,37.60,13.40,36.20,27.10,12.20,1.37
226484,37.60,13.40,36.20,27.10,12.20,1.37
226710,37.60,13.40,36.20,27.10,12.22,1.37
226971,37.60,13.40,36.20,27.10,12.22,1.37
227197,37.60,13.40,36.20,27.10,12.22,1.44
227430,37.70,13.40,36.30,27.10,12.05,1.59
227656,37.70,13.40,36.30,27.10,12.25,1.37
227883,37.70,13.40,36.30,27.10,12.22,1.44
228109,37.70,13.40,36.30,27.10,12.18,1.37
228338,37.70,13.40,36.30,27.10,12.20,1.52
228564,37.70,13.40,36.30,27.10,12.15,1.37
228791,37.70,13.40,36.30,27.10,12.22,1.37
229017,37.70,13.40,36.30,27.10,12.18,1.30
229243,37.70,13.40,36.30,27.10,12.20,1.44
229477,37.70,13.40,36.20,27.10,12.05,1.52
229703,37.70,13.40,36.20,27.10,12.52,-0.85
229929,37.70,13.40,36.20,27.10,12.49,-0.85
230156,37.70,13.40,36.20,27.10,12.52,-0.78
230382,37.70,13.40,36.20,27.10,12.49,-0.93
230608,37.70,13.40,36.20,27.10,12.52,-0.85
230838,37.70,13.40,36.20,27.10,12.49,-0.85
231064,37.70,13.40,36.20,27.10,12.49,-0.85
231324,37.70,13.40,36.20,27.10,12.52,-0.93
231558,37.70,13.40,36.30,27.10,12.35,-0.70
231784,37.70,13.40,36.30,27.10,12.49,-0.85
232010,37.70,13.40,36.30,27.10,12.52,-0.85
232237,37.70,13.40,36.30,27.10,12.52,-0.85
232463,37.70,13.40,36.30,27.10,12.49,-0.78
232690,37.70,13.40,36.30,27.10,12.49,-0.85
232916,37.70,13.40,36.30,27.10,12.52,-0.85
233143,37.70,13.40,36.30,27.10,12.49,-0.93
233369,37.70,13.40,36.30,27.10,12.49,-0.93
233605,37.70,13.40,36.30,27.10,12.35,-0.78
233831,37.70,13.40,36.30,27.10,12.22,1.15
234057,37.70,13.40,36.30,27.10,12.22,1.22
234284,37.70,13.40,36.30,27.10,12.22,1.30
234510,37.70,13.40,36.30,27.10,12.22,1.30
234736,37.70,13.40,36.30,27.10,12.22,1.30
234962,37.70,13.40,36.30,27.10,12.22,1.30
235189,37.70,13.40,36.30,27.10,12.25,1.30
235415,37.70,13.40,36.30,27.10,12.22,1.30
235648,37.70,13.30,36.20,27.10,12.08,1.44
235909,37.70,13.30,36.20,27.10,12.22,1.30
236135,37.70,13.30,36.20,27.10,12.22,1.30
236363,37.70,13.30,36.20,27.10,12.20,1.37
236590,37.70,13.30,36.20,27.10,12.22,1.30
236816,37.70,13.30,36.20,27.10,12.20,1.37
237042,37.70,13.30,36.20,27.10,12.22,1.44
237268,37.70,13.30,36.20,27.10,12.20,1.30
237495,37.70,13.30,36.20,27.10,12.22,1.37
237727,37.70,13.30,36.20,27.10,12.37,-0.70
237954,37.70,13.30,36.20,27.10,12.52,-0.78
238180,37.70,13.30,36.20,27.10,12.52,-0.78
238406,37.70,13.30,36.20,27.10,12.52,-0.78
238632,37.70,13.30,36.20,27.10,12.49,-0.85
238859,37.70,13.30,36.20,27.10,12.49,-0.93
239088,37.70,13.30,36.20,27.10,12.52,-0.78
239314,37.70,13.30,36.20,27.10,12.49,-0.85
239541,37.70,13.30,36.20,27.10,12.49,-0.78
239774,37.80,13.40,36.30,27.10,12.35,-0.70
240001,37.80,13.40,36.30,27.10,12.52,-0.85
240228,37.80,13.40,36.30,27.10,12.52,-0.78
240487,37.80,13.40,36.30,27.10,12.52,-0.85
240713,37.80,13.40,36.30,27.10,12.49,-0.85
240940,37.80,13.40,36.30,27.10,12.49,-0.85
241166,37.80,13.40,36.30,27.10,12.52,-0.85
241392,37.80,13.40,36.30,27.10,12.49,-0.85
241622,37.80,13.40,36.30,27.10,12.49,-0.78
241854,37.80,13.40,36.20,27.10,12.35,-0.78
242080,37.80,13.40,36.20,27.10,12.52,-0.78
242307,37.80,13.40,36.20,27.10,12.49,-0.78
242533,37.80,13.40,36.20,27.10,12.49,-0.78
242759,37.80,13.40,36.20,27.10,12.52,-0.85
242985,37.80,13.40,36.20,27.10,12.52,-0.78
243212,37.80,13.40,36.20,27.10,12.49,-0.78
243438,37.80,13.40,36.20,27.10,12.49,-0.93
243664,37.80,13.40,36.20,27.10,12.52,-0.78
243898,37.80,13.40,36.30,27.10,12.10,1.22
244124,37.80,13.40,36.30,27.10,12.27,1.07
244354,37.80,13.40,36.30,27.10,12.25,1.15
244580,37.80,13.40,36.30,27.10,12.22,1.15
244841,37.80,13.40,36.30,27.10,12.25,1.22
245067,37.80,13.40,36.30,27.10,12.22,1.22
245294,37.80,13.40,36.30,27.10,12.25,1.30
245520,37.80,13.40,36.30,27.10,12.22,1.22
245746,37.80,13.40,36.30,27.10,12.20,1.22
245980,37.80,13.40,36.30,26.00,12.08,1.37
246206,37.80,13.40,36.30,26.00,12.25,1.37
246432,37.80,13.40,36.30,26.00,12.20,1.44
246659,37.80,13.40,36.30,26.00,12.22,1.22
246885,37.80,13.40,36.30,26.00,12.20,1.30
247114,37.80,13.40,36.30,26.00,12.22,1.37
247341,37.80,13.40,36.30,26.00,12.22,1.37
247567,37.80,13.40,36.30,26.00,12.22,1.30
247793,37.80,13.40,36.30,26.00,12.20,1.30
248027,37.80,13.30,36.30,27.10,12.08,1.44
248253,37.80,13.30,36.30,27.10,12.25,1.30
248480,37.80,13.30,36.30,27.10,12.22,1.37
248706,37.80,13.30,36.30,27.10,12.22,1.30
248932,37.80,13.30,36.30,27.10,12.22,1.37
249159,37.80,13.30,36.30,27.10,12.20,1.37
249418,37.80,13.30,36.30,27.10,12.22,1.37
249645,37.80,13.30,36.30,27.10,12.20,1.37
