793,25.90,40.70,1.56,0.26
1319,25.90,40.70,10.52,2.48
1850,25.90,40.70,8.39,2.04
2376,25.90,40.70,7.61,1.52
3174,25.90,40.70,6.42,1.67
3701,25.90,40.70,9.32,2.11
4228,25.90,40.70,2.12,0.48
4754,25.90,40.70,10.49,2.48
5553,25.90,40.70,0.39,0.19
6079,25.90,40.70,9.96,2.33
6605,25.90,40.70,5.05,0.93
7162,25.90,40.70,3.00,0.41
7960,25.90,40.60,8.91,2.26
8487,25.90,40.60,7.25,1.59
9014,25.90,40.60,5.05,1.22
9541,25.90,40.60,10.05,2.26
10339,25.90,40.60,2.49,0.70
10865,25.90,40.60,10.59,2.48
11393,25.90,40.60,0.39,-0.04
11919,25.90,40.60,10.03,2.33
12720,26.00,40.60,5.83,1.67
13247,26.00,40.60,9.86,2.26
13773,26.00,40.60,1.00,0.26
14301,26.00,40.60,10.35,2.41
15098,26.00,40.60,2.59,0.63
15625,26.00,40.60,8.91,1.96
16152,26.00,40.60,7.00,1.37
16678,26.00,40.60,4.95,1.22
17477,26.00,40.60,10.20,2.48
18003,26.00,40.60,1.27,0.33
18531,26.00,40.60,10.64,2.55
19057,26.00,40.60,1.51,0.11
19855,26.00,40.50,10.86,2.85
20382,26.00,40.50,4.66,0.93
20939,26.00,40.50,0.83,0.04
21466,26.00,40.50,10.93,2.55
22264,26.00,40.50,3.37,0.78
22794,26.00,40.50,10.05,2.26
23320,26.00,40.50,3.51,0.93
23847,26.00,40.50,11.30,2.70
24645,26.10,40.40,1.73,0.63
25171,26.10,40.40,11.88,2.70
25699,26.10,40.40,0.39,-0.04
26225,26.10,40.40,11.66,2.78
27024,26.10,40.40,1.61,0.41
27550,26.10,40.40,11.37,2.70
28078,26.10,40.40,4.66,0.93
28604,26.10,40.40,9.98,2.33
29402,26.10,40.40,5.66,1.44
29929,26.10,40.40,8.27,2.11
30455,26.10,40.40,8.15,1.89
30983,26.10,40.40,6.27,1.67
31780,26.10,40.30,9.20,2.41
32307,26.10,40.30,4.68,1.00
32834,26.10,40.30,10.66,2.48
33373,26.10,40.30,9.76,2.26
34202,26.10,40.30,10.54,2.63
34732,26.10,40.30,10.52,2.48
35261,26.10,40.30,4.68,1.07
35790,26.10,40.30,2.37,0.41
36590,26.10,40.30,9.08,2.18
37120,26.10,40.30,12.10,2.93
37649,26.10,40.30,8.95,2.11
38177,26.10,40.30,0.93,0.19
38979,26.10,40.20,4.51,1.00
39507,26.10,40.20,10.86,2.48
40037,26.10,40.20,11.88,2.78
40566,26.10,40.20,7.95,1.96
41366,26.20,40.20,1.98,0.63
41895,26.20,40.20,5.12,1.00
42425,26.20,40.20,11.42,2.63
42953,26.20,40.20,11.74,2.85
43757,26.20,40.20,12.10,3.15
44285,26.20,40.20,11.10,2.63
44815,26.20,40.20,4.81,1.30
45344,26.20,40.20,3.03,0.63
46144,26.20,40.10,9.86,2.41
46673,26.20,40.10,11.83,2.93
47203,26.20,40.10,7.61,1.89
47731,26.20,40.10,1.00,0.11
48563,26.20,40.10,11.64,3.00
49092,26.20,40.10,5.37,1.37
49620,26.20,40.10,3.51,0.63
50150,26.20,40.10,11.66,2.78
50952,26.20,40.10,10.76,2.93
51481,26.20,40.10,2.83,0.70
52009,26.20,40.10,6.86,1.52
52539,26.20,40.10,12.22,3.00
53341,26.20,40.00,7.76,2.18
53872,26.20,40.00,8.25,2.26
54402,26.20,40.00,1.49,0.04
54930,26.20,40.00,10.96,2.70
55731,26.30,40.00,10.98,3.00
56260,26.30,40.00,2.44,0.70
56788,26.30,40.00,7.56,1.81
57318,26.30,40.00,12.10,3.07
58119,26.30,40.00,7.47,2.11
58647,26.30,40.00,2.20,0.19
59176,26.30,40.00,11.37,2.70
59706,26.30,40.00,10.76,2.63
60506,26.30,39.90,3.15,1.00
61035,26.30,39.90,6.51,1.44
61564,26.30,39.90,12.30,3.07
62124,26.30,39.90,5.98,1.22
62923,26.30,39.90,12.35,3.22
63453,26.30,39.90,8.83,2.11
63982,26.30,39.90,0.37,-0.04
64514,26.30,39.90,0.63,0.11
65313,26.30,39.80,7.71,1.74
65843,26.30,39.80,12.20,2.93
66372,26.30,39.80,7.15,1.74
66902,26.30,39.80,2.27,0.33
67701,26.40,39.80,11.10,2.85
68231,26.40,39.80,10.93,2.70
68759,26.40,39.80,2.24,0.48
69288,26.40,39.80,7.34,1.67
70088,26.40,39.80,12.20,3.15
70618,26.40,39.80,7.52,1.89
71147,26.40,39.80,2.32,0.33
71676,26.40,39.80,11.20,2.63
72476,26.40,39.70,11.20,3.15
73006,26.40,39.70,3.27,0.85
73534,26.40,39.70,6.22,1.22
74063,26.40,39.70,12.25,2.93
74866,26.40,39.60,11.96,3.15
75396,26.40,39.60,10.66,2.55
75925,26.40,39.60,2.44,0.63
76484,26.40,39.60,11.74,2.93
77284,26.40,39.60,6.12,1.74
77813,26.40,39.60,2.34,0.26
78343,26.40,39.60,10.59,2.48
78872,26.40,39.60,11.66,2.85
79672,26.50,39.60,6.73,1.89
80201,26.50,39.60,1.85,0.26
80731,26.50,39.60,10.35,2.41
81259,26.50,39.60,11.66,2.93
82060,26.50,39.60,7.10,1.96
82588,26.50,39.60,1.49,0.04
83118,26.50,39.60,10.27,2.48
83647,26.50,39.60,11.74,3.00
84447,26.50,39.50,7.42,2.11
84979,26.50,39.50,9.86,2.55
85508,26.50,39.50,1.71,0.48
86037,26.50,39.50,6.47,1.44
86838,26.50,39.50,11.86,3.07
87366,26.50,39.50,11.27,2.85
87896,26.50,39.50,4.90,1.15
88425,26.50,39.50,2.93,0.56
89225,26.60,39.40,9.88,2.55
89754,26.60,39.40,12.00,3.00
90312,26.60,39.40,8.69,1.96
90842,26.60,39.40,12.13,3.00
91641,26.60,39.40,9.78,2.70
92171,26.60,39.40,1.15,0.33
92700,26.60,39.40,6.93,1.59
93229,26.60,39.40,12.25,3.00
94030,26.60,39.30,10.35,2.85
94559,26.60,39.30,2.66,0.70
95088,26.60,39.30,5.88,1.15
95620,26.60,39.30,2.98,0.56
96420,26.60,39.30,10.15,2.63
96950,26.60,39.30,11.91,2.93
97478,26.60,39.30,7.22,1.74
98008,26.60,39.30,0.93,-0.04
98807,26.70,39.30,8.27,2.18
99337,26.70,39.30,12.27,3.22
99866,26.70,39.30,9.54,2.41
100395,26.70,39.30,1.24,0.26
101195,26.70,39.20,4.90,1.07
101725,26.70,39.20,11.20,2.78
102254,26.70,39.20,11.81,3.00
102782,26.70,39.20,7.47,1.96
103583,26.70,39.20,0.68,0.26
104113,26.70,39.20,6.49,1.52
104672,26.70,39.20,9.71,2.41
105201,26.70,39.20,2.00,0.48
106004,26.70,39.10,7.25,2.04
106533,26.70,39.10,0.39,-0.11
107063,26.70,39.10,8.13,1.89
107592,26.70,39.10,12.25,2.93
108392,26.70,39.00,10.39,2.85
108921,26.70,39.00,3.27,0.85
109451,26.70,39.00,5.05,1.07
109979,26.70,39.00,11.83,2.93
110780,26.70,39.00,11.52,3.07
111309,26.70,39.00,5.39,1.37
111839,26.70,39.00,3.29,0.70
112367,26.70,39.00,11.08,2.78
113169,26.80,39.00,11.76,3.15
113698,26.80,39.00,5.73,1.44
114227,26.80,39.00,2.68,0.33
114756,26.80,39.00,10.88,2.55
115557,26.80,38.90,11.98,3.15
116088,26.80,38.90,12.35,3.00
116618,26.80,38.90,9.61,2.48
117146,26.80,38.90,1.05,0.33
117977,26.80,38.90,11.39,3.15
118506,26.80,38.90,4.93,1.30
119034,26.80,38.90,3.73,0.78
119564,26.80,38.90,12.08,3.00
120366,26.90,38.90,12.37,3.30
120895,26.90,38.90,6.12,1.59
121423,26.90,38.90,2.59,0.26
121953,26.90,38.90,11.15,2.63
122755,26.90,38.70,13.64,3.67
123283,26.90,38.70,10.17,2.55
123812,26.90,38.70,1.81,0.41
124342,26.90,38.70,6.47,1.30
125142,26.90,38.70,11.98,3.15
125671,26.90,38.70,13.35,3.44
126203,26.90,38.70,13.64,3.52
126733,26.90,38.70,12.35,3.22
127533,26.90,38.70,7.88,2.33
128062,26.90,38.70,0.37,0.04
128591,26.90,38.70,9.37,2.26
129120,26.90,38.70,13.69,3.59
129921,27.00,38.60,12.20,3.30
130450,27.00,38.60,5.59,1.59
130978,27.00,38.60,2.83,0.48
131508,27.00,38.60,10.98,2.78
132338,27.00,38.60,6.39,1.89
132868,27.00,38.60,0.90,-0.11
133396,27.00,38.60,9.44,2.26
133925,27.00,38.60,13.79,3.52
134726,27.00,38.50,13.27,3.74
135256,27.00,38.50,10.00,2.63
135787,27.00,38.50,13.27,3.37
136316,27.00,38.50,9.88,2.70
137116,27.00,38.50,6.25,1.96
137646,27.00,38.50,0.41,-0.04
138175,27.00,38.50,6.08,1.30
138704,27.00,38.50,12.03,3.00
139504,27.10,38.40,13.71,3.74
140034,27.10,38.40,13.01,3.44
140563,27.10,38.40,8.88,2.26
141092,27.10,38.40,1.90,0.56
141892,27.10,38.40,2.66,0.63
142422,27.10,38.40,10.03,2.33
142950,27.10,38.40,13.74,3.52
143479,27.10,38.40,12.61,3.22
144280,27.10,38.40,9.08,2.55
144809,27.10,38.40,1.76,0.48
145338,27.10,38.40,5.42,1.15
145899,27.10,38.40,13.69,3.52
146700,27.20,38.30,12.88,3.59
147229,27.20,38.30,8.05,2.04
147758,27.20,38.30,0.37,-0.11
148287,27.20,38.30,7.05,1.67
149089,27.20,38.20,11.57,3.15
149617,27.20,38.20,13.69,3.52
150147,27.20,38.20,11.44,2.93
150676,27.20,38.20,5.78,1.52
151477,27.20,38.20,0.88,0.33
152005,27.20,38.20,5.76,1.37
152535,27.20,38.20,12.03,3.07
153064,27.20,38.20,13.69,3.59
153864,27.20,38.10,13.08,3.59
154393,27.20,38.10,9.08,2.48
154923,27.20,38.10,2.00,0.48
155452,27.20,38.10,4.66,1.00
156255,27.30,38.10,3.64,1.07
156784,27.30,38.10,2.66,0.33
157313,27.30,38.10,9.76,2.33
157842,27.30,38.10,13.76,3.52
158643,27.30,38.00,13.64,3.74
159171,27.30,38.00,10.69,2.78
159700,27.30,38.00,3.93,1.07
160261,27.30,38.00,13.93,3.59
161060,27.30,38.00,13.35,3.74
161590,27.30,38.00,8.47,2.18
162119,27.30,38.00,0.37,-0.04
162649,27.30,38.00,7.73,1.81
163448,27.40,38.00,12.83,3.59
163978,27.40,38.00,14.44,3.81
164507,27.40,38.00,8.98,2.48
165036,27.40,38.00,0.41,-0.11
165836,27.40,37.90,6.81,1.67
166368,27.40,37.90,1.42,0.19
166897,27.40,37.90,11.83,3.00
167427,27.40,37.90,15.98,4.33
168227,27.40,37.80,13.91,4.11
168757,27.40,37.80,6.56,1.89
169285,27.40,37.80,3.61,0.63
169815,27.40,37.80,13.37,3.52
170615,27.50,37.70,15.74,4.55
171144,27.50,37.70,11.71,3.22
171673,27.50,37.70,1.71,0.48
172203,27.50,37.70,8.93,2.18
173003,27.50,37.70,14.88,4.18
173532,27.50,37.70,14.93,4.11
174091,27.50,37.70,11.57,3.07
174620,27.50,37.70,15.91,4.33
175421,27.50,37.60,13.13,3.96
175952,27.50,37.60,15.13,4.18
176482,27.50,37.60,8.54,2.48
177011,27.50,37.60,1.90,0.19
177811,27.50,37.50,11.10,3.22
178340,27.50,37.50,15.69,4.41
178870,27.50,37.50,10.59,3.22
179399,27.50,37.50,0.41,-0.11
180199,27.60,37.40,9.66,2.70
180728,27.60,37.40,15.69,4.55
181258,27.60,37.40,10.76,3.22
181787,27.60,37.40,0.39,-0.11
182587,27.60,37.30,10.32,2.93
183116,27.60,37.30,15.74,4.55
183646,27.60,37.30,11.32,3.30
184175,27.60,37.30,0.71,0.11
184975,27.60,37.10,8.47,2.41
185504,27.60,37.10,15.81,4.48
186036,27.60,37.10,13.81,3.81
186565,27.60,37.10,15.32,4.33
187366,27.60,36.90,10.86,3.44
187925,27.60,36.90,13.54,3.81
188454,27.60,36.90,15.45,4.41
188983,27.60,36.90,10.25,3.00
189784,27.70,36.90,2.44,0.85
190313,27.70,36.90,7.25,1.74
190842,27.70,36.90,14.59,4.04
191371,27.70,36.90,15.01,4.33
192172,27.70,36.90,10.39,3.22
192701,27.70,36.90,1.59,0.56
193229,27.70,36.90,7.61,1.81
193759,27.70,36.90,14.84,4.18
194561,27.70,36.90,15.52,4.78
195090,27.70,36.90,11.00,3.37
195618,27.70,36.90,2.05,0.63
196151,27.70,36.90,7.08,2.11
196951,27.80,37.10,0.56,0.33
197480,27.80,37.10,8.54,2.11
198009,27.80,37.10,15.32,4.26
198539,27.80,37.10,15.10,4.41
199339,27.80,37.00,11.42,3.59
199868,27.80,37.00,2.95,0.85
200397,27.80,37.00,6.59,1.59
200926,27.80,37.00,14.52,4.11
201756,27.80,37.00,0.56,0.33
202285,27.80,37.00,9.00,2.33
202814,27.80,37.00,15.76,4.55
203343,27.80,37.00,14.40,4.33
204143,27.90,37.10,9.88,3.22
204673,27.90,37.10,0.44,-0.04
205202,27.90,37.10,9.59,2.70
205731,27.90,37.10,15.93,4.63
206534,27.90,37.10,11.42,3.37
207064,27.90,37.10,15.81,4.78
207592,27.90,37.10,12.91,3.89
208121,27.90,37.10,4.00,1.15
208923,28.00,37.20,3.86,0.78
209452,28.00,37.20,13.18,3.59
209981,28.00,37.20,15.47,4.55
210510,28.00,37.20,10.44,3.07
211310,28.00,37.20,2.73,1.00
211840,28.00,37.20,7.71,1.89
212369,28.00,37.20,15.54,4.48
212898,28.00,37.20,13.52,4.11
213698,28.00,37.20,5.49,1.81
214227,28.00,37.20,5.88,1.44
214757,28.00,37.20,15.35,4.33
215285,28.00,37.20,13.47,4.04
216120,28.10,37.20,6.34,2.11
216648,28.10,37.20,5.44,1.30
217178,28.10,37.20,15.49,4.55
217707,28.10,37.20,13.05,4.04
218508,28.10,37.10,3.15,1.15
219036,28.10,37.10,9.22,2.48
219566,28.10,37.10,15.74,4.70
220095,28.10,37.10,9.93,2.85
220895,28.20,36.90,0.85,0.04
221424,28.20,36.90,13.44,3.89
221954,28.20,36.90,14.93,4.63
222483,28.20,36.90,5.51,1.67
223283,28.20,36.80,6.25,1.74
223812,28.20,36.80,15.69,4.63
224340,28.20,36.80,12.76,3.89
224870,28.20,36.80,1.10,0.26
225672,28.20,36.60,10.30,3.15
226203,28.20,36.60,8.76,2.41
226733,28.20,36.60,15.76,4.78
227262,28.20,36.60,9.96,2.85
228062,28.30,36.60,1.07,0.19
228591,28.30,36.60,13.93,3.96
229121,28.30,36.60,14.18,4.33
229679,28.30,36.60,13.93,4.11
230479,28.30,36.40,14.84,4.70
231009,28.30,36.40,4.59,1.44
231538,28.30,36.40,8.49,2.26
232067,28.30,36.40,15.84,4.70
232867,28.40,36.40,10.98,3.59
233397,28.40,36.40,0.37,0.04
233925,28.40,36.40,13.03,3.67
234455,28.40,36.40,15.20,4.55
235255,28.50,36.30,8.15,2.78
235784,28.50,36.30,4.49,1.07
236316,28.50,36.30,1.90,0.19
236845,28.50,36.30,13.88,3.96
237645,28.50,36.20,15.13,4.70
238175,28.50,36.20,7.10,2.18
238703,28.50,36.20,5.29,1.30
239233,28.50,36.20,15.27,4.41
240033,28.60,36.10,14.59,4.63
240562,28.60,36.10,5.71,1.67
241091,28.60,36.10,6.22,1.44
241620,28.60,36.10,15.62,4.55
242421,28.70,36.10,14.44,4.63
242950,28.70,36.10,5.37,1.44
243479,28.70,36.10,6.54,1.67
244038,28.70,36.10,9.47,2.70
244839,28.70,36.00,0.54,0.04
245367,28.70,36.00,12.98,3.81
245897,28.70,36.00,15.32,4.70
246429,28.70,36.00,15.79,4.78
247229,28.80,36.00,10.52,3.44
247758,28.80,36.00,0.37,-0.11
248288,28.80,36.00,12.49,3.59
248816,28.80,36.00,15.42,4.55
249618,28.80,35.80,8.15,2.85
250146,28.80,35.80,3.78,0.70
250676,28.80,35.80,14.10,4.18
251205,28.80,35.80,14.79,4.55
252005,28.90,35.80,7.27,2.48
252534,28.90,35.80,3.81,0.85
253064,28.90,35.80,13.93,4.18
253593,28.90,35.80,15.10,4.41
254393,28.90,35.60,8.54,2.78
254922,28.90,35.60,2.46,0.33
255451,28.90,35.60,13.15,3.81
255983,28.90,35.60,10.13,2.85
256783,29.00,35.60,15.79,4.85
257342,29.00,35.60,4.07,0.78
257871,29.00,35.60,13.83,3.96
258400,29.00,35.60,15.42,4.41
259201,29.00,35.40,10.49,3.22
259730,29.00,35.40,0.51,0.19
260258,29.00,35.40,9.54,2.70
260788,29.00,35.40,15.93,4.70
261587,29.00,35.30,14.30,4.48
262117,29.00,35.30,6.83,1.96
262646,29.00,35.30,2.90,0.41
263176,29.00,35.30,12.40,3.37
263975,29.10,35.20,15.81,4.78
264505,29.10,35.20,13.88,3.96
265033,29.10,35.20,6.64,2.04
265563,29.10,35.20,2.37,0.26
266365,29.10,35.10,5.64,1.89
266895,29.10,35.10,2.32,0.26
267424,29.10,35.10,11.10,2.93
267953,29.10,35.10,15.74,4.55
268753,29.20,35.10,15.76,4.78
269283,29.20,35.10,13.37,3.96
269812,29.20,35.10,7.32,2.26
270341,29.20,35.10,0.39,-0.19
271141,29.20,34.90,4.25,0.93
271713,29.20,34.90,5.83,1.37
272242,29.20,34.90,12.81,3.52
272771,29.20,34.90,15.79,4.55
273571,29.30,34.90,15.37,4.70
274101,29.30,34.90,11.47,3.37
274630,29.30,34.90,4.15,1.07
275159,29.30,34.90,4.59,1.00
275959,29.30,34.80,10.54,3.00
276491,29.30,34.80,5.27,1.30
277020,29.30,34.80,13.76,3.89
277550,29.30,34.80,15.47,4.63
278349,29.40,34.70,12.25,3.81
278879,29.40,34.70,2.93,0.85
279408,29.40,34.70,7.52,1.74
279937,29.40,34.70,15.40,4.33
280737,29.40,34.60,15.05,4.55
281266,29.40,34.60,8.15,2.41
281795,29.40,34.60,1.78,-0.04
282324,29.40,34.60,11.98,3.30
283124,29.40,34.50,15.86,4.78
283654,29.40,34.50,13.57,3.81
284183,29.40,34.50,5.12,1.52
284712,29.40,34.50,4.20,0.85
285542,29.50,34.40,13.05,4.04
286071,29.50,34.40,4.59,1.37
286603,29.50,34.40,9.35,2.93
287132,29.50,34.40,0.41,-0.11
287932,29.50,34.30,7.76,2.18
288461,29.50,34.30,15.27,4.26
288991,29.50,34.30,14.69,4.33
289520,29.50,34.30,7.47,2.33
290320,29.60,34.20,0.39,0.11
290849,29.60,34.20,10.03,2.70
291378,29.60,34.20,15.84,4.55
291907,29.60,34.20,13.88,4.11
292708,29.60,34.10,9.49,3.00
293237,29.60,34.10,0.41,-0.11
293766,29.60,34.10,9.56,2.55
294295,29.60,34.10,15.81,4.63
295095,29.70,34.10,14.98,4.63
295624,29.70,34.10,9.05,2.63
296156,29.70,34.10,12.93,3.74
296685,29.70,34.10,4.27,1.22
297485,29.70,33.90,1.00,0.11
298013,29.70,33.90,11.18,2.93
298543,29.70,33.90,15.91,4.63
299072,29.70,33.90,13.83,4.18
299904,29.80,33.80,2.05,0.41
300432,29.80,33.80,11.20,3.22
300961,29.80,33.80,15.91,4.63
301491,29.80,33.80,14.62,4.33
302291,29.80,33.70,11.54,3.74
302820,29.80,33.70,4.15,1.30
303349,29.80,33.70,3.83,0.70
303879,29.80,33.70,11.91,3.44
304678,29.80,33.60,15.23,4.41
305208,29.80,33.60,15.27,4.55
305737,29.80,33.60,10.54,3.15
306269,29.80,33.60,14.88,4.26
307069,29.90,33.50,12.61,3.96
307599,29.90,33.50,4.78,1.44
308128,29.90,33.50,3.61,0.78
308657,29.90,33.50,12.08,3.37
309457,30.00,33.40,15.62,4.63
309987,30.00,33.40,14.40,4.26
310516,30.00,33.40,7.08,2.04
311045,30.00,33.40,2.85,0.41
311845,30.00,33.30,10.27,3.07
312375,30.00,33.30,15.86,4.55
312903,30.00,33.30,13.30,3.96
313462,30.00,33.30,14.84,4.33
314262,30.00,33.10,15.37,4.63
314791,30.00,33.10,8.83,2.55
315321,30.00,33.10,1.90,0.11
315849,30.00,33.10,13.08,3.67
316652,30.10,33.10,8.37,2.48
317181,30.10,33.10,15.86,4.48
317711,30.10,33.10,12.79,3.81
318240,30.10,33.10,1.95,0.48
319040,30.10,32.80,8.08,2.26
319569,30.10,32.80,15.88,4.70
320098,30.10,32.80,12.71,3.59
320627,30.10,32.80,1.66,0.48
321428,30.20,32.70,7.71,2.04
321957,30.20,32.70,15.84,4.55
322486,30.20,32.70,13.10,3.74
323015,30.20,32.70,2.66,0.85
323816,30.30,32.80,6.86,1.96
324344,30.30,32.80,15.64,4.48
324874,30.30,32.80,13.08,3.89
325403,30.30,32.80,2.22,0.70
326203,30.30,32.80,8.71,2.63
326730,30.30,32.80,12.76,3.81
327260,30.30,32.80,0.98,0.26
327819,30.30,32.80,16.25,4.78
328620,30.40,32.80,10.00,3.15
329149,30.40,32.80,1.71,0.04
329677,30.40,32.80,13.86,3.81
330207,30.40,32.80,15.96,4.70
331008,30.40,32.80,9.61,3.00
331536,30.40,32.80,1.85,0.04
332065,30.40,32.80,14.23,4.11
332595,30.40,32.80,17.06,5.07
333394,30.40,32.90,11.79,3.96
333924,30.40,32.90,0.61,0.19
334453,30.40,32.90,10.88,3.15
334983,30.40,32.90,17.45,5.22
335782,30.50,32.90,15.27,5.00
336315,30.50,32.90,17.06,5.00
336844,30.50,32.90,10.39,3.22
337373,30.50,32.90,0.39,-0.11
338173,30.50,32.80,10.35,3.15
338703,30.50,32.80,17.57,5.37
339231,30.50,32.80,14.84,4.48
339761,30.50,32.80,4.81,1.52
340561,30.60,32.60,3.39,0.85
341090,30.60,32.60,14.03,4.18
341649,30.60,32.60,0.39,-0.11
342177,30.60,32.60,10.86,3.07
342979,30.60,32.40,17.89,5.52
343507,30.60,32.40,17.10,5.37
344037,30.60,32.40,9.00,3.00
344566,30.60,32.40,1.54,-0.04
345366,30.70,32.30,10.30,3.07
345895,30.70,32.30,17.79,5.52
346427,30.70,32.30,13.71,4.18
346956,30.70,32.30,18.98,6.04
347757,30.70,32.20,18.08,5.96
348285,30.70,32.20,12.08,3.96
348815,30.70,32.20,1.68,0.56
349344,30.70,32.20,8.78,2.41
350144,30.80,32.10,14.44,4.70
350673,30.80,32.10,18.84,6.11
351203,30.80,32.10,15.96,5.29
351732,30.80,32.10,7.59,2.63
352532,30.80,32.00,0.41,0.11
353061,30.80,32.00,12.08,3.67
353590,30.80,32.00,18.81,5.96
354119,30.80,32.00,16.74,5.52
354919,30.90,31.90,12.10,4.26
355448,30.90,31.90,1.34,0.33
356007,30.90,31.90,18.71,6.11
356535,30.90,31.90,1.88,0.63
357336,31.00,31.80,5.17,1.37
357864,31.00,31.80,15.08,4.85
358393,31.00,31.80,18.59,6.26
358923,31.00,31.80,14.25,4.92
359724,31.00,31.70,7.88,2.93
360253,31.00,31.70,3.42,0.56
360782,31.00,31.70,14.76,4.70
361312,31.00,31.70,18.71,6.26
362112,31.10,31.60,16.25,5.59
362641,31.10,31.60,6.93,2.33
363170,31.10,31.60,5.25,1.30
363700,31.10,31.60,15.96,5.07
364500,31.10,31.50,18.76,6.55
365030,31.10,31.50,14.37,4.92
365559,31.10,31.50,2.98,1.00
366091,31.10,31.50,7.39,2.63
366892,31.20,31.40,3.98,1.07
367420,31.20,31.40,15.76,5.07
367949,31.20,31.40,18.23,6.26
368479,31.20,31.40,10.08,3.37
369280,31.20,31.30,1.66,0.19
369838,31.20,31.30,9.83,3.37
370367,31.20,31.30,4.88,1.15
370896,31.20,31.30,17.18,5.52
371696,31.30,31.20,16.93,6.18
372226,31.30,31.20,4.56,1.37
372755,31.30,31.20,10.61,3.30
373284,31.30,31.20,18.81,6.33
374084,31.30,31.00,13.88,5.07
374614,31.30,31.00,0.41,-0.04
375143,31.30,31.00,14.30,4.70
375672,31.30,31.00,18.45,6.48
376475,31.40,30.90,18.79,6.78
377005,31.40,30.90,15.54,5.44
377534,31.40,30.90,3.61,1.22
378063,31.40,30.90,9.78,2.85
378863,31.50,30.90,17.37,5.96
379393,31.50,30.90,17.62,6.04
379922,31.50,30.90,8.39,2.93
380451,31.50,30.90,4.61,1.07
381251,31.50,30.80,14.37,5.00
381780,31.50,30.80,18.71,6.48
382310,31.50,30.80,13.32,4.70
382839,31.50,30.80,2.15,0.70
383640,31.60,30.70,6.93,2.18
384200,31.60,30.70,17.20,6.18
384729,31.60,30.70,9.27,3.44
385258,31.60,30.70,1.10,0.04
386059,31.60,30.50,9.69,3.30
386590,31.60,30.50,2.15,0.33
387120,31.60,30.50,13.25,4.26
387649,31.60,30.50,18.89,6.48
388450,31.70,30.40,18.32,6.63
388979,31.70,30.40,13.66,4.85
389509,31.70,30.40,4.39,1.59
390038,31.70,30.40,6.05,1.59
390838,31.80,30.40,12.81,4.26
391367,31.80,30.40,18.71,6.33
391897,31.80,30.40,17.57,6.11
392426,31.80,30.40,11.20,3.89
393227,31.80,30.20,5.98,2.11
393756,31.80,30.20,3.29,0.56
394285,31.80,30.20,13.22,4.18
394814,31.80,30.20,18.71,6.41
395615,32.00,30.20,18.47,6.70
396146,32.00,30.20,17.47,6.04
396676,32.00,30.20,18.54,6.41
397235,32.00,30.20,0.37,-0.26
398035,32.00,30.10,0.37,-0.04
398564,32.00,30.10,0.37,-0.19
399093,32.00,30.10,0.37,-0.26
399623,32.00,30.10,0.39,-0.04
400423,32.10,30.00,0.39,-0.04
400952,32.10,30.00,0.37,-0.11
401481,32.10,30.00,0.37,-0.26
402011,32.10,30.00,0.37,-0.26
402812,32.20,30.00,0.37,0.04
403341,32.20,30.00,0.39,-0.19
403870,32.20,30.00,0.39,-0.19
404400,32.20,30.00,0.37,-0.19
405200,32.20,29.90,0.37,0.04
405729,32.20,29.90,0.37,-0.26
406261,32.20,29.90,0.39,-0.26
406791,32.20,29.90,0.39,-0.11
407590,32.30,29.80,0.39,0.04
408120,32.30,29.80,0.39,-0.26
408649,32.30,29.80,0.37,-0.04
409179,32.30,29.80,0.39,-0.19
409978,32.40,29.80,0.41,0.04
410508,32.40,29.80,0.37,-0.19
411037,32.40,29.80,18.67,5.52
411596,32.40,29.80,3.78,0.56
412396,32.50,29.60,10.78,3.07
412925,32.50,29.60,18.20,5.37
413455,32.50,29.60,18.13,5.52
413984,32.50,29.60,11.74,3.67
414785,32.50,29.50,4.71,1.67
415314,32.50,29.50,6.71,1.74
415843,32.50,29.50,16.74,5.07
416375,32.50,29.50,12.18,3.59
417175,32.60,29.40,18.18,5.74
417704,32.60,29.40,17.37,5.59
418234,32.60,29.40,8.17,2.55
418763,32.60,29.40,4.37,1.00
419564,32.70,29.30,13.93,4.33
420092,32.70,29.30,18.69,5.96
420622,32.70,29.30,13.10,4.18
421151,32.70,29.30,1.37,0.33
421952,32.70,29.10,9.76,2.93
422480,32.70,29.10,18.76,5.89
423010,32.70,29.10,15.88,5.15
423539,32.70,29.10,4.47,1.44
424339,32.80,29.00,7.64,2.33
424868,32.80,29.00,18.93,3.81
425428,32.80,29.00,0.39,-0.19
425960,32.80,29.00,3.90,0.63
426760,32.80,28.90,8.74,1.67
427289,32.80,28.90,19.13,3.89
427819,32.80,28.90,17.10,3.59
428348,32.80,28.90,6.05,1.30
429148,32.80,28.90,6.20,1.07
429677,32.80,28.90,17.52,3.74
430206,32.80,28.90,18.50,3.96
430736,32.80,28.90,9.54,2.04
431536,32.90,28.90,1.85,0.26
432065,32.90,28.90,15.25,3.07
432594,32.90,28.90,19.35,4.04
433123,32.90,28.90,13.35,2.85
433924,33.00,29.00,3.54,0.70
434453,33.00,29.00,9.52,1.67
434981,33.00,29.00,18.98,3.96
435511,33.00,29.00,18.10,3.89
436315,33.10,29.00,18.89,6.33
436843,33.10,29.00,16.20,5.37
437372,33.10,29.00,6.86,2.33
437902,33.10,29.00,4.12,0.78
438702,33.10,29.00,11.71,3.74
439231,33.10,29.00,18.64,6.11
439791,33.10,29.00,5.42,1.81
440321,33.10,29.00,4.42,0.93
441121,33.10,29.00,10.88,3.44
441650,33.10,29.00,18.01,5.74
442179,33.10,29.00,18.32,6.11
442708,33.10,29.00,13.81,4.55
443509,33.20,28.80,8.52,3.07
444039,33.20,28.80,0.78,-0.26
444567,33.20,28.80,10.98,3.30
445096,33.20,28.80,17.54,5.67
445897,33.20,28.60,18.86,6.41
446430,33.20,28.60,15.84,5.00
446958,33.20,28.60,18.76,6.18
447488,33.20,28.60,15.69,5.22
448288,33.30,28.50,11.52,3.96
448818,33.30,28.50,2.17,0.63
449347,33.30,28.50,7.88,2.11
449875,33.30,28.50,16.59,5.22
450676,33.30,28.40,18.89,6.41
451206,33.30,28.40,16.57,5.52
451735,33.30,28.40,8.66,2.78
452264,33.30,28.40,0.76,-0.26
453064,33.40,28.30,7.39,2.11
453623,33.40,28.30,13.15,4.41
454153,33.40,28.30,3.90,1.15
454682,33.40,28.30,5.88,1.44
455482,33.50,28.30,10.98,3.52
456011,33.50,28.30,17.64,5.59
456544,33.50,28.30,11.66,3.52
457073,33.50,28.30,18.01,5.67
457873,33.50,28.10,18.81,6.33
458402,33.50,28.10,17.01,3.37
458932,33.50,28.10,9.37,1.81
459461,33.50,28.10,0.44,-0.26
460263,33.60,28.10,7.93,1.37
460791,33.60,28.10,17.08,3.37
461321,33.60,28.10,19.23,3.89
461850,33.60,28.10,14.69,3.07
462651,33.70,28.00,8.17,1.67
463180,33.70,28.00,2.03,-0.11
463709,33.70,28.00,13.18,2.48
464238,33.70,28.00,19.42,4.04
465039,33.70,27.90,19.11,4.11
465568,33.70,27.90,14.01,2.93
466100,33.70,27.90,18.62,3.81
466629,33.70,27.90,12.32,2.48
467460,33.80,27.80,13.47,2.78
467989,33.80,27.80,19.57,4.04
468518,33.80,27.80,17.40,3.52
469048,33.80,27.80,9.20,1.89
469848,33.90,27.70,0.63,0.26
470377,33.90,27.70,10.98,1.96
470906,33.90,27.70,19.25,3.96
471436,33.90,27.70,18.03,3.74
472236,33.90,27.60,11.59,2.48
472765,33.90,27.60,0.39,-0.11
473294,33.90,27.60,13.15,3.81
473824,33.90,27.60,18.93,5.96
474624,34.00,27.50,15.25,5.15
475153,34.00,27.50,3.66,0.70
475682,34.00,27.50,11.05,2.04
476214,34.00,27.50,6.69,1.07
477015,34.00,27.40,17.62,4.04
477544,34.00,27.40,17.62,3.74
478073,34.00,27.40,6.10,1.22
478602,34.00,27.40,9.10,1.44
479403,34.10,27.40,19.15,4.04
479932,34.10,27.40,16.52,3.44
480460,34.10,27.40,4.44,0.85
481019,34.10,27.40,16.88,3.52
481819,34.20,27.30,6.73,1.59
482349,34.20,27.30,7.64,1.22
482878,34.20,27.30,18.93,3.81
483407,34.20,27.30,17.03,3.52
484207,34.20,27.20,6.51,1.59
484737,34.20,27.20,7.86,1.37
485266,34.20,27.20,19.06,3.89
485794,34.20,27.20,16.76,3.52
486598,34.30,27.20,18.81,4.26
487127,34.30,27.20,9.76,2.11
487656,34.30,27.20,5.00,0.70
488185,34.30,27.20,17.69,3.81
488985,34.30,27.10,18.32,4.18
489515,34.30,27.10,7.93,1.67
490044,34.30,27.10,6.73,1.22
490573,34.30,27.10,18.50,3.81
491373,34.40,27.00,18.25,4.11
491902,34.40,27.00,7.88,2.63
492432,34.40,27.00,5.81,1.30
492961,34.40,27.00,16.76,5.29
493761,34.50,26.90,18.54,6.18
494290,34.50,26.90,12.25,4.04
494820,34.50,26.90,0.71,0.19
495380,34.50,26.90,18.96,6.04
496183,34.50,26.80,15.66,5.22
496712,34.50,26.80,18.76,5.96
497242,34.50,26.80,14.23,4.70
497771,34.50,26.80,4.98,1.59
498571,34.60,26.80,2.49,0.33
499100,34.60,26.80,13.01,3.89
499630,34.60,26.80,18.81,5.96
500158,34.60,26.80,18.15,5.74
500959,34.60,26.60,15.52,5.44
501488,34.60,26.60,8.98,1.74
502018,34.60,26.60,0.34,-0.26
502547,34.60,26.60,9.25,1.52
503347,34.60,26.50,14.13,2.85
503876,34.60,26.50,19.35,3.81
504406,34.60,26.50,18.93,3.89
504935,34.60,26.50,14.03,2.93
505735,34.70,26.40,9.81,2.18
506267,34.70,26.40,16.42,3.37
506797,34.70,26.40,8.86,1.74
507325,34.70,26.40,1.44,-0.04
508126,34.80,26.40,9.71,1.81
508655,34.80,26.40,18.06,3.52
509213,34.80,26.40,0.39,-0.04
509743,34.80,26.40,11.69,2.18
510543,34.90,26.30,17.18,3.67
511072,34.90,26.30,19.23,3.81
511601,34.90,26.30,14.35,2.93
512131,34.90,26.30,4.51,0.85
512931,34.90,26.20,2.83,0.33
513460,34.90,26.20,14.44,2.78
513989,34.90,26.20,19.57,3.96
514519,34.90,26.20,16.64,3.30
515319,35.00,26.10,10.96,2.33
515848,35.00,26.10,0.37,-0.11
516380,35.00,26.10,6.32,1.30
516910,35.00,26.10,5.27,0.63
517709,35.00,26.00,14.01,2.70
518239,35.00,26.00,19.62,3.89
518767,35.00,26.00,17.06,3.37
519297,35.00,26.00,8.03,1.59
520097,35.10,26.00,0.41,0.04
520626,35.10,26.00,11.91,2.18
521155,35.10,26.00,19.25,3.89
521684,35.10,26.00,18.47,3.67
522484,35.20,25.90,12.98,2.85
523014,35.20,25.90,2.42,0.48
523574,35.20,25.90,19.54,3.89
524103,35.20,25.90,16.98,3.44
524903,35.20,25.70,11.32,2.33
525432,35.20,25.70,0.68,0.04
525964,35.20,25.70,7.93,1.59
526493,35.20,25.70,3.29,0.26
527293,35.20,25.60,13.22,2.48
527822,35.20,25.60,19.52,3.81
528352,35.20,25.60,17.62,3.52
528881,35.20,25.60,9.44,2.04
529681,35.40,25.50,1.71,0.41
530210,35.40,25.50,9.69,1.67
530740,35.40,25.50,18.18,3.59
531269,35.40,25.50,18.79,3.74
532069,35.40,25.40,15.03,3.30
532598,35.40,25.40,4.54,0.85
533128,35.40,25.40,6.93,1.07
533656,35.40,25.40,17.15,3.30
534457,35.50,25.50,18.79,4.04
534986,35.50,25.50,15.86,3.07
535516,35.50,25.50,7.54,1.37
536047,35.50,25.50,11.69,2.33
536877,35.50,25.50,12.08,2.41
537406,35.50,25.50,13.69,2.48
537935,35.50,25.50,10.00,1.74
538464,35.50,25.50,3.34,0.48
539265,35.60,25.60,1.49,0.11
539793,35.60,25.60,8.71,1.15
540322,35.60,25.60,12.08,1.96
540852,35.60,25.60,10.10,1.74
541652,35.60,25.50,6.73,1.15
542181,35.60,25.50,0.41,-0.11
542710,35.60,25.50,7.93,1.89
543240,35.60,25.50,12.54,3.52
544039,35.60,25.50,12.15,2.26
544569,35.60,25.50,7.25,1.15
545098,35.60,25.50,0.39,-0.11
545628,35.60,25.50,8.44,1.30
546432,35.70,25.60,2.66,0.33
546960,35.70,25.60,9.96,1.59
547489,35.70,25.60,12.64,2.04
548019,35.70,25.60,9.76,1.59
548818,35.80,25.60,3.86,0.78
549348,35.80,25.60,3.37,0.19
549877,35.80,25.60,10.32,1.59
550406,35.80,25.60,12.64,2.11
551237,35.80,25.50,3.61,0.63
551767,35.80,25.50,3.73,0.41
552296,35.80,25.50,10.39,1.52
552825,35.80,25.50,12.61,2.11
553625,35.80,25.20,11.64,2.11
554155,35.80,25.20,6.37,1.00
554684,35.80,25.20,0.32,-0.26
555213,35.80,25.20,7.59,1.07
556013,35.90,25.20,11.22,1.96
556546,35.90,25.20,7.47,0.93
557075,35.90,25.20,12.74,2.04
557603,35.90,25.20,11.66,3.22
558404,35.90,25.00,9.32,1.74
558934,35.90,25.00,2.27,0.26
559463,35.90,25.00,4.95,0.63
559991,35.90,25.00,11.37,1.81
560792,36.10,25.00,12.74,2.18
561321,36.10,25.00,11.00,1.81
561850,36.10,25.00,5.25,0.78
562379,36.10,25.00,1.83,-0.04
563180,36.00,24.80,6.95,1.74
563708,36.00,24.80,11.98,3.07
564238,36.00,24.80,12.25,2.04
564797,36.00,24.80,7.12,0.93
565597,36.20,24.80,10.69,1.81
566129,36.20,24.80,6.71,0.85
566658,36.20,24.80,12.22,1.89
567187,36.20,24.80,12.30,1.96
567988,36.20,24.50,9.69,1.74
568517,36.20,24.50,2.66,0.26
569046,36.20,24.50,4.47,0.48
569575,36.20,24.50,11.32,1.67
570376,36.20,24.00,12.86,2.33
570904,36.20,24.00,10.74,1.74
571433,36.20,24.00,4.00,0.63
571963,36.20,24.00,3.78,0.33
572763,36.30,23.70,8.88,1.44
573292,36.30,23.70,12.93,2.04
573821,36.30,23.70,10.74,1.74
574351,36.30,23.70,3.98,0.48
575151,36.30,23.60,0.83,0.04
575680,36.30,23.60,9.35,1.15
576211,36.30,23.60,5.32,0.63
576741,36.30,23.60,11.66,1.81
577542,36.30,23.50,12.76,2.18
578070,36.30,23.50,10.44,1.74
578599,36.30,23.50,3.73,0.56
579159,36.30,23.50,12.86,2.04
579959,36.30,23.40,12.05,2.11
580489,36.30,23.40,7.05,1.07
581017,36.30,23.40,0.49,-0.11
581547,36.30,23.40,8.56,1.15
582347,36.40,23.40,12.27,1.96
582876,36.40,23.40,12.00,1.81
583405,36.40,23.40,6.27,1.07
583934,36.40,23.40,0.88,-0.11
584735,36.40,23.30,7.32,1.22
585264,36.40,23.30,12.81,2.04
585793,36.40,23.30,10.81,1.67
586324,36.40,23.30,12.37,1.89
587125,36.40,23.30,8.83,1.59
587655,36.40,23.30,0.39,-0.04
588183,36.40,23.30,7.88,1.15
588712,36.40,23.30,12.76,1.96
589513,36.40,23.20,11.03,1.89
590042,36.40,23.20,3.68,0.48
590571,36.40,23.20,5.03,0.56
591100,36.40,23.20,12.42,1.81
591900,36.50,23.20,12.08,2.04
592430,36.50,23.20,5.81,0.70
592988,36.50,23.20,12.15,1.89
593517,36.50,23.20,5.83,0.85
594317,36.40,23.10,1.34,0.04
594846,36.40,23.10,10.61,1.59
595376,36.40,23.10,12.32,2.04
595905,36.40,23.10,6.00,0.85
596708,36.50,23.10,9.20,1.59
597236,36.50,23.10,0.39,-0.19
597766,36.50,23.10,9.39,1.44
598295,36.50,23.10,12.47,1.96
599095,36.50,23.00,8.08,1.52
599624,36.50,23.00,0.71,-0.19
600154,36.50,23.00,10.37,1.52
600683,36.50,23.00,12.37,2.04
601483,36.50,23.00,7.44,1.22
602012,36.50,23.00,2.07,0.04
602542,36.50,23.00,11.25,1.67
603070,36.50,23.00,11.98,1.89
603871,36.60,22.90,5.78,1.07
604400,36.60,22.90,3.83,0.41
604929,36.60,22.90,12.08,1.81
605458,36.60,22.90,11.30,1.81
606261,36.60,22.90,12.54,2.26
606821,36.60,22.90,3.22,0.33
607350,36.60,22.90,11.57,1.74
607879,36.60,22.90,11.83,1.96
608679,36.60,22.80,6.54,1.22
609209,36.60,22.80,1.85,0.04
609737,36.60,22.80,10.66,1.44
610267,36.60,22.80,12.44,1.96
611067,36.60,22.80,9.44,1.67
611596,36.60,22.80,1.20,0.04
612125,36.60,22.80,6.73,0.85
612655,36.60,22.80,12.61,1.96
613454,36.60,22.70,12.57,2.18
613984,36.60,22.70,8.74,1.44
614513,36.60,22.70,1.61,0.11
615043,36.60,22.70,5.15,0.56
615842,36.60,22.70,9.44,1.59
616374,36.60,22.70,4.90,0.63
616903,36.60,22.70,11.20,1.59
617433,36.60,22.70,12.76,1.96
618232,36.60,22.60,11.66,1.89
618762,36.60,22.60,7.00,1.00
619291,36.60,22.60,0.39,-0.04
619820,36.60,22.60,7.22,1.00
620650,36.70,22.60,8.93,1.52
621179,36.70,22.60,1.98,0.26
621708,36.70,22.60,5.12,0.56
622237,36.70,22.60,11.39,1.59
623038,36.70,22.60,12.74,2.18
623566,36.70,22.60,10.83,1.74
624096,36.70,22.60,4.78,0.78
624625,36.70,22.60,2.56,0.19
625425,36.70,22.50,7.47,1.30
625954,36.70,22.50,12.64,1.96
626486,36.70,22.50,9.83,1.37
627015,36.70,22.50,12.79,1.96
627816,36.70,22.50,12.22,2.18
628344,36.70,22.50,7.95,1.30
628874,36.70,22.50,1.10,-0.04
629403,36.70,22.50,4.86,0.70
630203,36.70,22.40,8.69,1.30
630732,36.70,22.40,12.81,1.96
631261,36.70,22.40,12.27,1.89
631790,36.70,22.40,8.32,1.37
632591,36.70,22.40,4.39,0.85
633119,36.70,22.40,1.73,0.04
633649,36.70,22.40,8.81,1.22
634177,36.70,22.40,12.81,2.04
635008,36.70,22.30,4.44,0.85
635536,36.70,22.30,2.39,0.11
636065,36.70,22.30,9.78,1.37
636597,36.70,22.30,5.98,0.70
637398,36.80,22.30,10.39,1.74
637927,36.80,22.30,12.61,1.96
638455,36.80,22.30,9.30,1.52
638985,36.80,22.30,1.51,0.11
639785,36.80,22.20,3.88,0.63
640314,36.80,22.20,11.13,1.59
640843,36.80,22.20,12.44,1.89
641373,36.80,22.20,7.66,1.07
642172,36.80,22.20,1.22,0.33
642702,36.80,22.20,6.86,0.78
643231,36.80,22.20,12.71,1.96
643761,36.80,22.20,11.27,1.74
644560,36.80,22.10,6.64,1.15
645090,36.80,22.10,0.78,-0.11
645619,36.80,22.10,9.15,1.30
646148,36.80,22.10,12.79,2.04
646950,36.80,22.10,10.22,1.67
647480,36.80,22.10,12.76,1.96
648009,36.80,22.10,10.05,1.59
648568,36.80,22.10,10.93,1.59
649368,36.90,22.10,12.83,2.18
649897,36.90,22.10,11.25,1.74
650427,36.90,22.10,5.37,0.78
650956,36.90,22.10,1.17,-0.11
651756,36.90,22.10,6.34,0.85
652285,36.90,22.10,11.79,1.74
652815,36.90,22.10,12.44,1.96
653343,36.90,22.10,8.25,1.22
654144,36.90,22.00,3.86,0.78
654672,36.90,22.00,3.34,0.33
655202,36.90,22.00,10.44,1.59
655731,36.90,22.00,12.79,2.04
656534,36.90,22.00,10.30,1.67
657063,36.90,22.00,12.76,2.04
657592,36.90,22.00,10.30,1.59
658121,36.90,22.00,3.49,0.41
658922,36.90,21.90,0.46,0.11
659450,36.90,21.90,8.59,1.07
659980,36.90,21.90,12.83,1.96
660509,36.90,21.90,10.98,1.67
661309,36.90,22.00,7.49,1.37
661838,36.90,22.00,0.39,-0.04
662368,36.90,22.00,7.98,1.07
662927,36.90,22.00,6.71,1.00
663727,36.90,21.90,0.51,0.11
664256,36.90,21.90,7.27,1.00
664784,36.90,21.90,12.74,1.96
665314,36.90,21.90,11.47,1.89
666115,36.90,21.80,7.44,1.37
666646,36.90,21.80,10.15,1.59
667175,36.90,21.80,2.51,0.33
667704,36.90,21.80,5.44,0.63
668505,37.00,21.90,10.59,1.81
669034,37.00,21.90,12.59,1.96
669562,37.00,21.90,8.25,1.22
670092,37.00,21.90,0.37,-0.04
670893,37.00,21.80,5.76,0.93
671421,37.00,21.80,12.44,1.96
671950,37.00,21.80,11.71,1.89
672480,37.00,21.80,5.49,0.70
673280,37.00,21.70,0.56,0.04
673809,37.00,21.70,9.61,1.44
674337,37.00,21.70,12.71,2.04
674867,37.00,21.70,8.52,1.30
675666,37.00,21.70,1.24,0.33
676196,37.00,21.70,7.15,1.00
676765,37.00,21.70,12.18,1.89
677295,37.00,21.70,6.37,1.00
678096,37.00,21.60,0.39,0.04
678625,37.00,21.60,9.66,1.52
679154,37.00,21.60,12.59,1.89
679684,37.00,21.60,8.22,1.22
680484,37.00,21.60,0.46,0.19
681013,37.00,21.60,8.25,1.00
681542,37.00,21.60,12.79,1.96
682072,37.00,21.60,9.39,1.44
682872,37.00,21.40,2.07,0.26
683401,37.00,21.40,6.71,0.85
683930,37.00,21.40,12.74,1.96
684460,37.00,21.40,10.78,1.67
685260,37.00,21.40,4.73,0.85
685789,37.00,21.40,3.93,0.33
686318,37.00,21.40,11.37,1.67
686851,37.00,21.40,9.37,1.30
687650,37.00,21.40,12.88,2.18
688180,37.00,21.40,10.13,1.59
688709,37.00,21.40,2.00,0.19
689239,37.00,21.40,6.30,0.78
690069,37.00,21.40,11.27,1.81
690598,37.00,21.40,4.27,0.56
691128,37.00,21.40,3.59,0.33
691657,37.00,21.40,10.88,1.67
692457,37.00,21.40,12.79,2.11
692986,37.00,21.40,10.20,1.59
693516,37.00,21.40,3.17,0.48
694045,37.00,21.40,4.05,0.41
694847,37.00,21.40,9.47,1.52
695376,37.00,21.40,12.86,1.96
695905,37.00,21.40,10.71,1.67
696434,37.00,21.40,4.32,0.70
697238,37.00,21.40,10.03,1.81
697766,37.00,21.40,2.83,0.48
698296,37.00,21.40,4.76,0.56
698825,37.00,21.40,11.35,1.67
699626,37.10,21.40,12.64,2.18
700155,37.10,21.40,9.59,1.44
700685,37.10,21.40,1.17,0.11
701213,37.10,21.40,7.03,1.00
702014,37.10,21.40,12.27,1.96
702543,37.10,21.40,11.74,1.89
703073,37.10,21.40,5.00,0.70
703632,37.10,21.40,12.86,1.96
704433,37.10,21.40,10.76,1.96